GEOID,A00,A01,A02,A03,A04,A05,A06,A07,A08,A09,A10,A11,A12,A13,A14,A15,A16,A17,A18,A19,A20,A21,A22,A23,A24,A25,A26,A27,A28,A29,A30,A31,A32,A33,A34,A35,A36,A37,A38,A39,A40,A41,A42,A43,A44,A45,A46,A47,A48,A49,A50,A51,A52,A53,A54,A55,A56,A57,A58,A59,A60,A61,A62,A63
53033005304,-0.007236082679277456,-0.0005877151423116808,0.06353999024607548,-0.0037041461488263538,-0.003827585453718964,-0.016052363399414498,-0.03959083550338799,-0.004053546478266058,-0.024418166808536423,-0.032289327663775805,-0.030098509388462487,-0.022315573751369052,-0.013131159255297637,-0.002056699082621683,-0.2945363933835726,-0.005415215147276578,0.02595322090466402,-0.03533082443130564,-0.012849528820834562,-0.06949463895604548,0.036888989957132474,-0.06387775348721193,-0.01062774845306607,0.0011737087373015933,0.014940299773277686,-0.0374473206936049,-0.09972183829596581,-0.018080251199244224,-0.009963583381376628,-0.01373515073520054,-0.002707450879597854,-0.014727453576738136,0.004732135990077958,-0.0148326492604484,-0.020178726419984895,0.03575857456740238,0.000534610023046533,-0.017292204375694512,-0.025970161840943782,-0.026841549106177445,-0.20497721573132044,-0.003964890279537589,-0.0031537161985131963,-0.015145122236796819,-0.014372160117157399,-0.15135395505342855,-0.0200632080160059,-0.005956921010479349,0.0003950003411930051,0.02453712536589652,-0.024207916809508644,-0.004005581606697633,0.03425567937848883,-0.005505612175617654,0.0018762058848775796,-0.13894747997492196,0.00253893677222088,0.0789219326489679,0.014657777542165894,-0.0033746268947727814,0.00613733039872229,-0.016657777478776503,-0.030798722086768347,0.004085867727046809
53033005901,-0.014337520335363644,-0.009687736384930753,-0.019144457595282605,0.0021840240633672447,-0.007846168133993364,-0.0045595744478729395,-6.389037670790517e-05,0.004692789244203804,-0.01865049584114102,-0.026057439801735922,-0.021730448479337538,-0.005384606563241855,0.008233055526227625,0.015786336689310333,0.055526616162807955,0.005624785763809658,0.03915070582725334,0.0605993859438448,0.025075270736599115,-0.04519508760810222,0.021269144828833877,0.003214366982310445,0.0033044493457311326,-0.0026760488011502797,-0.0018181201846921577,0.013182636747138848,-0.07602400577784038,-0.0007955109771634918,-0.0072736958062133705,0.011102904667190173,-0.0030832281974436803,0.018225853849501827,0.00716266583895517,-0.008032871442285008,-0.003876655365135743,0.018095463682774718,-0.008707840903973045,-0.0070054546351777935,-0.009784815447471127,-0.009577522141115225,-0.09961151869197392,0.006272865533236424,-0.004280845743792781,-0.01571341299812614,-0.019684293242487872,-0.06028909968892452,-0.00418608427113311,-0.005796687281177025,0.012690542006586028,0.040793645655340535,-0.011516214174325325,-0.0037321268354603638,0.05938276775197263,-0.008463313464329474,-0.0012673003756387457,0.020793089990977873,0.0015152073333013663,0.1981688744832362,0.012099654238883512,0.0009020330770702621,-0.0030188994081872425,-0.007169371680022381,-0.017573755572811697,0.010669780290228111
53033005401,-0.012090173100173953,-0.011712727026295378,-0.02020838878104623,-0.003674354797657093,0.06206526394016229,-0.004863231016035765,-0.012368044552086005,0.006413061128364704,-0.02423382891430063,-0.022365074345371203,-0.006821742061909335,-0.001860624574733556,-0.03308272282934598,-0.0015163420205180306,0.0457169708281554,0.00954073960970991,0.029859522839767817,0.03467251506422226,-0.008826108251676228,-0.09125885860044389,0.04398011022637503,-0.03720411676981356,0.004334295805068784,-0.004986393802360556,-0.016686730996143803,0.015332226950102707,-0.09931337281062003,0.007268631158151497,-0.02721682384836046,-0.011020710679070398,0.004557346058821048,0.005740885711432153,0.004885727284577004,0.0006288904608401895,-0.00208249272086049,-0.06907466996059815,0.002012271658683372,0.0028884711380149568,-0.022041854995453743,0.011781270328730272,-0.02342689419088451,0.00021603418010226246,-0.002070801855475691,-0.028891643677637295,-0.0005416346266646839,0.1766699579869989,-0.010301993761722484,0.012388973648191451,-0.01913699333084849,-0.019371198904157078,-0.007758135818928978,0.0049699219685334665,0.06071394746882155,-0.0273256917844138,-0.004267320912540048,0.01814614441650147,-0.0015638271724582764,-0.23853680976699226,0.013275873039256822,-0.008100975737937971,-0.018910770466949747,-0.0049358145044472975,-0.013261834058880196,0.008205076688892338
53033010102,0.019384821947484615,-0.0035495549125799703,-0.021912552349055016,-0.001426040863875097,-0.0013267592239036641,0.01675036629598427,0.01760395915734402,0.012339935712994476,-0.011927783251222145,-0.012684679517400245,0.007869964035738012,0.0032550116183696063,-0.015382331960867732,-0.03921242073145151,0.05189006348756212,-0.007277712184554026,0.009275810663392179,0.039713149689960064,-0.004255498252137289,0.3120525796035659,-0.20641072246219958,-0.03242332052025383,-0.013104730238057732,0.009069406562461562,-0.0007553074549858222,0.017873239565739614,-0.04925765445181959,-0.004829280394819412,-0.007631847494455661,0.0005770703181495102,0.0031695377989998286,0.005584726936541891,0.0033368415158908276,-0.0025314959432634287,0.0014591874048046378,-0.13067526147158212,0.0006570886898195362,0.004633612731452073,-0.03468920773507469,0.004008568624168839,0.06980648025221747,0.00412205810459712,0.01552616354802306,0.004424017437867872,-0.00918717005331843,0.2046767491902469,0.05163507705143138,0.012919645239178915,-0.009415455959147946,0.015036274661652294,0.013824650108662085,0.015236357218559525,0.0749384829443309,-0.0015395496466494643,-0.002398586598319892,0.022660460092270057,0.004650126994358618,-0.17054129546403807,-0.026325913386059375,-0.0024807296622509534,-0.0035282839719037286,-0.0011220469101676377,0.004299318282443464,0.005883699864232876
53033000602,-0.0036755488168921237,-0.004383272949501011,-0.02886294984916117,-0.00197289566191062,-0.01666959997623884,-0.010387947696753375,0.0012883253490390708,-0.0004318904879176998,-0.019769596163687404,-0.015819704663330703,0.009192423364371375,-0.004824501297459231,-0.03107477103466132,-0.021789059508889708,-0.0064070264680320226,-0.004045647750873363,-0.024538784895058393,-0.014425985282382016,0.0053487865546132,-0.0761795455409614,-0.1373201762361961,0.007768650316782092,-0.0007790577763789448,-0.007100946110973967,-0.006745380336819973,-0.024426320248008896,-0.0613011851348486,0.00465441305145594,-0.005771440757418588,-0.009451434110031125,-0.00312065058036903,-0.001914549464657456,-0.006514716052025885,0.0005683028832496981,-0.0069943387120969,-0.042515851820391214,0.0069077721142954155,-0.006398432271487814,0.042327228838927325,0.002035494167729062,0.06420208049714644,-0.0012528035819094824,-0.0019775977212610346,-0.012601918018035478,-0.0379066785427328,-0.12127206522707654,-0.020896192735983064,-0.029924759972992935,0.002283915700820035,-0.004597674903738622,-0.006577230477572484,-0.023332455818371574,-0.10163051988051774,-0.007723892167110865,-0.005433000630566941,0.01809980488669269,0.008642625802804902,-0.10380684474856003,0.012223124562437692,0.0014158477165343525,-0.01537069769994126,-0.003243569672301566,-0.015012648785719377,-0.024218986496067584
53033008003,-0.0011214800320384006,-0.002416740469896518,0.0213796976003762,2.236582746161209e-05,-0.0031121552550993185,-0.0139112178809077,-0.01831660635107518,0.03201115491006559,-0.015310425599471978,0.06109743186273146,-0.009032726245267518,-0.006009844162088413,0.18597062013973736,-0.004511991780237107,-0.11144462961700817,0.02691969922210889,0.06775818668280961,0.005442414375360395,-0.0042616790767155445,-0.047095342116916676,0.11884139027177117,-3.0665018963027754e-05,0.0008344844496096761,0.004501319202073675,0.01857451906345308,0.026119957744174235,-0.050287349310276605,0.0029478768458685778,-0.0026871141966438635,-0.0016923202048867599,0.0007816725606886722,0.03063851759888958,0.012872155583824579,0.015307556630410786,-0.0031129417758510368,0.1087317763673347,0.0061344162563250395,0.008922422031583364,-0.01626309573821887,0.011732684948101988,0.08333900203256095,-0.0018141134074052972,0.0014872896181037348,-0.006015927258610875,-0.024726658650098363,0.31505730172792146,-0.006746181402768731,0.04444280123342047,0.006136087306526636,0.05348035849729975,-0.005467495591729445,0.030382084086453792,-0.02427357302757344,0.0010834916678613116,5.374792099421399e-05,0.02432284522599587,0.007521623277698051,0.15870297285061913,0.006125146445209619,-0.006496436846999886,0.005053046882910453,-0.004711939702922001,0.0061992942067516715,0.009886538912207733
53033004102,-0.008609987599174071,-0.00650619600346296,-0.030931209956288865,-0.0028879223370371345,-0.012584743549242411,0.022016480805766726,-0.029103807260135593,0.006778978734456723,-0.019420892109364808,-0.027578259878095934,-0.021325553011790805,-0.006636661291214259,-0.033115385355237496,-0.04158373414515527,0.044059864171622026,-0.008212520975264804,-0.09855570987566058,0.029343406570931888,-0.014819601141252753,-0.001589756372256254,-0.3042937987602152,-0.04208031530704585,-0.03857675231868158,0.006830892641285418,-0.00013626248731062458,0.007046827208561966,-0.08068869940594636,-0.006376004314355894,-0.017278974629912663,-0.009640814438327877,0.0017714072126488994,0.003249363478705958,-0.00034644430917160185,-0.0003245462738732257,-0.0021993746664435553,-0.1581861452015028,-0.01584558126952795,-0.006368494158205125,-0.033774959728132,-3.839975214469728e-06,0.039686223764454805,-0.004746795970875212,0.014405043593568007,-0.014228906617286536,-0.02431144780017789,0.1559642536981504,-0.02720753615405712,0.008203410202076555,-0.014720093369178646,-0.01642033873509519,0.008724406790052871,-0.010481561324983442,-0.07314431315036128,-0.002382186450284528,-0.006770365857363754,0.01626728227662324,0.00023967562642586987,-0.26339877536355033,0.005688978559984315,-0.0170183657927788,-0.020179606727004355,-0.013250497974933117,-0.0011218551120962864,0.0048551057717659265
53033010302,-0.01762293553369425,-0.012488299770414707,0.02069486968130948,-0.0029553551480729252,-0.005394434811736302,-0.011270972761100537,0.005663317724120311,0.00294578129103731,-0.020983149722059183,-0.02668242936804754,-0.012234571309733999,-0.006872634175022487,-0.034118837103932584,0.001962006406690928,0.014467875562843365,-0.007361385417697309,0.004997474833556766,-0.029861465105856314,-0.004601164461826821,-0.05481659042293386,-0.011434540968360142,-0.0004094205468033797,-0.001391749299253986,0.00029551426961790556,0.003859537830772595,-0.033026742957705135,-0.03436587810403442,-0.003907250259583217,-0.0022799562924836407,-0.006454730760647468,-0.0003225813075698236,-0.013701642807911274,0.004717510559385224,-0.008299694343187962,-0.010279877749716674,0.029102218887161514,0.005538663102525456,-0.004479597165774074,-0.01656371574300544,-0.0043890918002233645,-0.08757517485864241,0.010533884261010297,-0.0069466404086046245,-0.018008479215137888,-0.03168710983292048,-0.11156202497342384,-0.015061872811179287,-0.0007029465165652334,-0.003213367979578089,0.00797566501873362,-0.006643598289202354,-0.009979994883951175,0.07748824517749754,-0.007973033623724216,-0.0009863098541728762,0.025556669371884787,-0.004004734482220065,0.21220751422301198,0.019209324462329685,8.276347492136572e-05,0.005693506508510587,-0.005082938881083398,-0.023770009316590877,0.011610348152772102
53033003601,-0.014014724496901478,-0.01092936053620171,-0.032626210733280286,0.0022765838861224675,-0.013144844125943354,-0.024796808037839912,0.002299018002702683,-0.08874132532251984,-0.020825476499540314,-0.026626360991226793,-0.0015996828156976514,-0.0032768865154135973,-0.046850370782249094,0.015439444351506067,0.003910758601136619,-0.010775173116013111,0.011592386714204142,0.007489674053868904,-0.009091133400752096,-0.05525490778056756,-0.06779340764218243,-0.008818508604524357,-0.0024098070536516035,0.0027842608665276047,0.000578891583650537,-0.043338412936279484,-0.08280857494038014,-0.004946822426179588,-0.007527041252115413,-0.004788712942877685,-2.0958725039108085e-05,0.0059168285646581924,-0.003414098782712378,-0.006496397634470996,-0.00843752870152391,0.031799646655469145,0.0014003466849042713,-0.009398820295622685,-0.023492339224221965,-0.006104118006584122,-0.15165627394722048,-0.0007006009504762368,-0.002150032705230736,-0.009769096135529717,-0.050088111199447824,-0.13835188247821006,-0.016818436905792256,-0.015637930383351185,-0.0017472533776552138,-0.0224777667345143,-0.0011609881808915003,0.029487331506655504,-0.0631378958386673,-0.0007992683626669571,0.0007992842674841317,-0.03346470424554712,-0.012632925928588855,0.25457337133231245,-0.0139308258873739,-0.009648457976550512,-0.007948583268192252,-0.004202331502259322,-0.008712325668826156,0.008656733977938072
53033010101,0.0019353277813571692,-0.012482205114529838,0.02884522081723181,0.002904835342264611,-0.0013639152274976453,-0.018689555794779152,-0.0008340174664558851,0.002978175624190738,-0.01878301542113092,-0.02120643132868199,-0.008249119843963237,0.0198146905026605,-0.02810221738909015,0.02320395679017873,0.003403325178530115,0.001166519523114543,0.011234124406860948,-0.021176453005996288,-0.010199064971871358,-0.05996514308086534,-0.10044424508708505,0.002475646868900038,-0.0095814510855427,-0.0032536587205336883,-0.0002447439083011521,-0.026107959133887818,-0.04718248009345181,0.005416983877297046,-0.0012519474408338187,-0.007304168540165715,0.0046708358416969594,-0.011008057651611947,-0.006347860984354258,-0.007550918033368308,-0.015317231944987067,0.02325372739364767,0.008831958217770153,-0.0004343878594839414,0.03167210444354429,-0.0032377212027908326,0.004122448509874405,0.0016711401739086436,-0.004508519744878179,-0.017165964493519318,-0.03698094791396404,-0.09140435421174775,-0.004235952764872882,-0.02541657181789894,-0.003116480397747341,-0.014531778108967552,-0.008106376813399097,-0.016204118787284984,-0.01760305509315007,-0.005531327294328746,-0.0132040905682571,-0.013318709827766673,-0.01970129357361396,0.25258676337116537,0.025397700734856407,-0.004473135367699798,0.005244872482115042,-0.00030974812698550793,-0.01716581312518802,-0.04410222245169252
53033004703,-0.001929227192576569,0.002377516702674766,-0.002175432097159844,-0.0077402693646939835,0.007275156254705842,-0.020036216071365888,0.0019913440414850263,-0.0052496171349195936,-0.018659856513402132,-0.02370215107931758,0.0025993597862062024,-0.005919561394841109,-0.005331639860123079,0.014334765593735402,-0.004168349217302537,0.012765774990279867,0.04350515024511146,0.0048353583295629365,-0.002330185199460063,-0.06214449387863948,0.042319097168403895,-0.04845366239475526,0.003331797557861816,0.005600302910063578,-0.0035991982054848384,0.012821218617203546,-0.024444313357568623,-0.0008706135754369353,-0.0027255934927076964,-0.0064956155861297,-0.006534320874755313,-0.012149753006526612,0.0059906315261709425,0.011326922086132054,-0.005544607169834146,0.03951244790317808,0.0030492665190524353,-0.006052841244062204,-0.010341970821872023,0.009809398603060057,-0.0006452699972125705,-0.0047330587883090535,-0.007418136410864729,-0.013104365408106165,-0.026401179951423635,-0.07660772884534267,-0.005394989971472132,-0.014465564087113181,0.002331700461662321,0.05663452598695372,-0.0075208729264763,0.00926614508128869,0.05641849315826416,-0.0009258353968883252,-0.007395793913643295,0.040454980530862855,0.00422399939213366,0.19515876473191762,0.0214344571570976,-0.004886526110331003,-0.010458132803882098,-0.005784343335273315,-0.02052648735623644,0.015504358561735423
53033005303,0.008072369864545905,-0.01579311479133741,-0.01987879541608002,-0.0028011723679448354,-0.01324274859104272,-0.00900802793471129,-0.0427947377888814,0.01078776430231685,-0.02271123504040267,-0.020886928478692394,-0.01892440250028146,-0.004790015599130272,-0.026810073365491398,-0.040292791017161204,0.011961692869277889,-0.00712514305087258,-0.09610534687394075,0.02540374849444931,0.005425377239471218,-0.07628324051612273,-0.2907860648479946,-0.04359397247906712,-0.005794596940194255,-0.0018967562940823293,-0.010960716065396827,0.0037662217191490738,-0.1170083787297462,0.0022600859419195855,-0.010978151793807817,-0.012347682027385594,0.0026275935668628133,0.006069456896520341,-0.005798489105551983,-0.0051545046587568545,-0.0062327557502803955,-0.18492291748350798,0.0014275968774525162,0.0008173052421553307,-0.038238456365713235,-0.004135268379405764,0.010679945483688577,-0.006105174356665754,-0.0032728418505758882,-0.017916678821762663,-0.02769976757570017,-0.010399478478671766,-0.020348265450103792,-0.017030909190345715,0.0027045658679768166,-0.006727285803377522,-0.013662157006092822,-0.008345104808067586,-0.08930865623719911,-0.017861132230605987,0.0059273777322315195,0.020649268698701293,0.0043178164411004916,-0.068582769381534,-0.043456900859686405,-0.010447129740055032,-0.013398464943513554,-0.007118214891162302,-0.01449825453928031,0.003288803797409475
53033007301,0.0006479054677915335,0.0034930794479431228,0.06837293001431742,-0.0007821528201356987,0.030529924210768285,-0.005700829729653239,0.0026102655055275626,0.0026279672374757757,-0.014599114341265304,-0.019935947348599947,-0.00496393076589034,-0.004690707399566067,0.0073153951385198515,0.0027749275139106223,0.018140196880783912,0.015290368644414621,0.05053881117188124,0.025121596601028237,0.021091748896097485,-0.04468925151817645,0.06234740717830963,-0.006185709876950048,0.004283060744228194,0.0032042943808552435,0.0030549087748716827,0.013164439192161518,-0.03553580436593148,0.001476505837964049,-0.002263264960322036,-0.010128218738966913,-0.008283152740511475,-0.00810180843834795,0.006021787853097354,0.015761738022380383,-0.0009396588486625645,0.04963174248324482,0.003533048266071365,-0.007199150707769572,-0.019833087007592544,0.012309528339525035,-0.0894702710204272,-0.0019086949175006196,-0.0018999892561065127,-0.011553396824689878,-0.017845218663963377,-0.04165673541590724,-0.00793183739306636,0.032314650383774055,0.00275778820273649,0.059420191397012254,-0.002578380959882772,0.013873807815688251,0.056840507398564874,0.006685059532975316,0.0019001266007227008,0.04178713580413554,0.0064654619363027415,0.19497872650776935,0.018139395956211456,-0.00012078933141801122,-0.0045435773221446435,-0.004685767692674014,0.008259572983144718,0.014838194183721622
53033008401,-0.00171442310642474,-0.006617024786570438,0.040815405925854024,0.0020520612557409575,-0.0021385594626150512,-0.009122993013674717,-0.004179347410094892,0.01596675926237191,-0.01398225136757547,-0.002430964642495029,-0.0015799358596574847,0.02768304493996505,0.16024699887159524,-0.008782409528378278,-0.12590621013586586,0.018520097256160606,0.05674362469784579,-0.02626455725199525,0.0206572862156742,-0.047861030504410026,0.08794362735734484,0.009735383636205516,0.0015806372231087652,0.00016451307105975322,0.02048502195639737,0.021784492148268494,-0.06443299409225994,-0.0019054208570552203,-0.0017757407755519135,-0.0019522566765058204,-0.0009582655373510007,0.025611113207185125,-0.004234452634052147,0.015349407960463572,-0.0024921890230336255,0.06785450162777669,-0.0007058249135601623,0.009492185648341945,-0.01822398479313867,0.007081687057050743,-0.008504706580998925,0.014428071211643835,-0.0025700100284255832,-0.0076138686593783,-0.01847239582067748,0.16096494787955323,-0.0020356500857033823,0.04081543862593318,0.0012532085339303652,0.05454317684290607,-0.005875515453493369,0.015103267698667187,0.03546193474340974,0.005757753635166278,0.0012737951571642299,-0.011232004245968971,0.004674932022278072,0.17743609173916206,0.011490183700034611,-0.008148463056824653,-0.000978429251450593,0.004780956340610679,-0.001982705526190803,0.009529507240253867
53033011802,-0.003271749072274249,-0.011870799861170995,-0.018411302935899675,-0.0005352600389825084,-0.016769982939254236,0.015917119159028336,-0.00850983180038209,0.01461526750137259,-0.02008936514337375,-0.022697407757186597,-0.00298227809225832,-0.005270926049320189,-0.022543361127868776,-0.00015713907759912243,0.048937920237346826,-0.008870591593484812,0.047112571610705395,0.036654402236181424,-0.011717431848697203,-0.03076619875269088,-0.17138206171407816,-0.023625555708374893,-0.005713983768936021,0.0043531589474185535,-0.005055514770816695,0.015581182146532509,-0.04661575072446807,-0.00409302175748351,-0.003996780029206615,-0.00547698789815932,0.008261459662403868,0.00582056120319952,0.010599931597514883,0.004318774846770452,0.006403452581002452,-0.09467742315620799,-0.00160193401237406,0.002129618093808394,-0.016455757645131516,0.006265652449126535,0.04329805266959638,0.016185700462589325,0.012689531707951205,-0.0037264587603580523,-0.014507970709532777,0.18992035461700238,-0.011282576072544036,0.014914074144005009,-0.009146369757939594,-0.003935620252469509,0.015835950162443855,-0.010239609146354687,0.08281003259508972,0.00520578160562027,0.0007435862278105496,0.024556237060634065,0.0025219250199163368,-0.22450459707064332,-0.028112959626623087,-0.0005789723378979228,-0.02449728842957477,-0.0034937502610973854,-0.004297166499041471,0.006972438165344723
53033007002,-0.0006052936680610585,-0.0013315482538556955,0.07027024561293402,0.005092161903757714,0.003954245465159099,-0.0031139744990846237,0.011215652860518252,-0.005193616239598277,-0.013858993422777629,-0.023411834508582703,-0.00922264912465631,0.0031854738625549167,-0.021031825964510767,0.01783487705417169,-0.02105425437949949,0.013715397819610111,0.08591737166225957,-0.008360126892255315,-0.0014596605505489862,-0.05476107055806533,0.09526312332721437,0.001166144189821354,0.016013339830363994,0.004051733153481981,0.0485341323262931,-0.026065051280307644,-0.029097944425409333,-0.0021517029473907623,0.009180237950517547,-0.0007008216881714758,0.00013799502302380766,-0.001372523346627183,0.0006717990635063174,0.0022220449774537467,-0.00317907914952205,0.07902425643398502,0.0047285025669000025,0.01383028456011429,-0.013555589549020317,-0.005425835336090141,-0.006453734524707778,-0.0029443686101881237,-0.00459164071369308,-0.0080054778789912,-0.018826209088170252,0.23062700632115762,0.004307410868150508,0.014773886155299062,0.007533875669502944,0.06854430595976163,0.022113370796660026,0.0231161912238055,0.0019672299012788268,0.0017307094756181679,0.013639381727185762,-0.046231880042602924,0.006642579514800484,-0.1971462899677536,0.0026102745036814716,0.01264604091755243,-0.00015071174837907086,-0.002110183715399167,0.018010745371802517,0.0057083516613412
53033000601,-0.015472289021354089,-0.011217219781781872,-0.029041593565898496,0.0017225476521732085,-0.01364526461634715,0.016495080571911805,-0.003055991581383515,-0.0017641798626645828,-0.00056593765406883,-0.013657834896529351,0.0006519349010720116,-0.011571029507898534,-0.052492242464026916,-0.012466405943985306,-0.01906050795660339,-0.0033520227230723915,-0.08388994584823309,-0.031771810389526096,0.01573682680383041,-0.07933630030728277,-0.09121235085937328,-0.016574048916444813,-0.016078067718560435,-0.00018423203093556934,-0.005379969504368894,-0.03457292262974926,-0.040596781010802455,0.0032303867771776794,-0.0022174207762151008,-0.0041884547515762495,-0.0005001004987090552,-0.0030114517095511275,-0.00013566975694578068,-0.003967288917616621,-0.0032836657928629314,0.0304200550332238,0.0016154101705584398,-0.006672184237658458,-0.012168553807230212,-0.0032811991044504013,-0.06544128554108869,-0.0017660097048220586,0.004094017290350901,0.014507619141436202,-0.03676722428616811,-0.1359690611422049,-0.013020511465918759,-0.033611889934268745,-0.0031068500106534854,-0.0831777513637034,-0.010158181548261532,0.0021500962147317083,-0.08000219826016873,0.0017338745224614212,-0.003926549519255461,0.012516795393527696,0.0085257579236862,-0.5219425686970947,0.02929016468932725,0.009437759998260213,-0.00021704120417151063,-0.0031384640426801707,-0.0037269249425097703,-0.020919974339734245
53033004701,-0.008636331323422152,0.008893291325957745,-0.008863524294396796,0.0014833747849356098,0.0028142716522597086,-0.010703336292522464,0.01146386063154774,0.014256761255890224,-0.007574203716969795,0.05417360366873327,0.0038086105800040682,0.0005613764811036339,0.11120302685198687,0.028526242270311912,0.0014246441321366004,0.01596445049440799,0.0725715561556651,0.02514253482467935,-0.0004593888543032077,-0.0356890758914108,-0.1424299395544864,-0.012969673757205175,0.0017425938741697708,0.0041854100761798425,-0.002149097434102965,0.01045259463069625,-0.02920764651857282,0.007822278918267894,-0.0016250755542480835,-0.002289287404066513,0.0041599833243027165,0.022213835566812303,0.007570677523083631,0.01892417050601315,-0.0016165979446258667,0.11160432488109728,0.01074246516930833,-0.0026554748733793724,-0.008798292836616366,0.013443493603702285,0.08437794821243468,0.0015616965109832692,-0.0013005133887439362,-0.009182120537618766,-0.021714682612458493,0.15761284216975485,-0.005156199345151004,0.03729970848352422,0.012124345839378837,0.07131253366872672,-0.0042745366568838206,0.012220591190405118,0.05069247825467831,0.0036343206623141353,0.01148655429222735,0.0262048307824777,0.009067137927302333,0.18284247535723522,0.010982587984424266,-0.0006735287177154432,0.002866847390099432,-0.0005622055245562377,-0.0015545859385669135,0.010731308021076852
53033003800,-0.02163743729896009,-0.012622826710153783,-0.004177514398985764,-0.00037481684367537683,-0.012655434827562892,-0.006621890463486849,-0.0015593159446316343,-0.002087629399594161,-0.002705468258118381,0.023075622595083427,-0.007561975345035569,-0.019246542866372677,-0.03840067796720036,-0.011373307839965565,-0.021059545476328177,-0.0075120806750942565,-0.06905048890893459,-0.046061083988048854,0.009033397015878283,-0.0872286547186878,-0.10195745802262517,-0.0340594830345617,-0.007747546718787107,0.0002491256762135738,-0.006651223380856743,-0.043602282475406505,-0.05873620512593668,-0.0006876696931730245,-0.009059977937146848,-0.005440838605534361,4.346768974519161e-05,-0.002728469135988132,-0.007782229060946582,-0.002431949940266033,-0.022189603315174746,0.027340252463858204,0.00024032947499107982,-0.010687558735993322,0.01888367157708586,-0.009160699465873617,-0.03523408103881269,0.003325685438541849,0.0034929925212717552,-0.01716825874369747,-0.040490732870965315,-0.174149754934396,-0.012441317579735434,-0.033953333089352535,-0.004694831952262832,-0.008667638247277992,0.013905451237250833,-0.00047024453546158586,0.01002370648355665,0.0031251295758359257,-0.004259102309855789,-0.017507391874947265,-0.011199672445032952,-0.6221143548066613,-0.019743421726481594,-0.005471830274473275,-0.006303168447371849,0.005644922685372994,-0.011039981219629099,-0.013459617792598685
53033002500,-0.022150173026062713,-0.011740816660296775,-0.02778700301520002,0.00023145713242442789,-0.013320981295517228,0.012074978781060267,-0.013417086160687734,-0.0025978866402385364,0.0007704974339522001,0.02649753294135803,-0.005610688011475557,-0.012164379730798355,-0.05874383382170693,-0.030684593994748773,-0.004252425698270896,-0.006790923269076599,-0.091650889567789,-0.050208092547442774,0.011133226030762125,-0.09238517762252355,-0.09094187934878285,-0.013392189733579559,-0.006437356929975467,-0.0035237329906333973,-0.003938367821524023,-0.036195940172261895,-0.06712239886396333,0.006661163861167026,0.01936573155727139,0.0028562519869521578,0.003577181797928487,-0.002048301763142155,-0.005504205990780424,-0.0076953481212047896,-0.022358904009347744,0.02818102622911604,0.0016816135226161394,-0.001506903358461293,0.03209469219289112,-0.016197855588497848,-0.06443124630001817,-0.007268504531576441,0.004942199786451757,-0.004924513119649836,-0.05117759818602055,-0.17660840249609572,-0.022956751546200572,-0.04624414784994643,8.069864778618493e-05,-0.08220215490671823,-0.012483709595508001,-0.002710533523262272,-0.09761703788625856,-0.00189363232692812,-0.0029902353887238326,-0.021060304124155597,-0.013249240382171838,-0.6392555264459708,-0.02798108829301468,-0.0043570969234943795,-0.012257586959270183,-0.0028889513685529137,-0.00853781338808132,-0.03657242300835754
53033021000,-0.0004971519372782183,-0.010587681888858322,-0.019147317484628754,0.0038592579072302875,-0.009080535376835147,0.01726773474455674,0.02303247359835266,-0.00021796300133856145,-0.006426090514770804,-0.014132140455268036,0.006069685852761116,-0.005812390198990882,-0.03785738770271502,-0.007937732148604479,-0.015496958336503571,0.00018661411878058176,-0.05706308069812915,-0.004179362395651602,0.0029281027878342806,-0.07221731348450859,-0.08621536288465301,0.0009846650968514566,0.007802229466569531,0.005192255710450258,-0.005265627106219957,-0.027222310246540288,-0.015517205931746077,0.004625067442793486,-0.0053330058795720385,-0.00906366395788814,-0.0031375776423375793,0.0031251807625576116,0.0031815181559852394,0.0032874033898145616,0.0022445663984261605,0.0254751710117388,0.005060595751486886,0.007743740664623772,-0.004351542239757555,-0.0013628602346145565,-0.032612871818084165,-0.0019153098168518212,0.005983424173896137,0.007976025265197844,-0.029391980223794207,-0.12349415403919571,-0.0013276189800740467,-0.025165525794266008,0.008626155681722345,-0.08181385269340172,-0.010798168023179617,0.025395580262804706,-0.0782278258573916,0.00042080480583185604,0.006519478033987259,0.014225070403548465,0.00593086169652682,-0.39960991788601374,0.06966959554316211,0.008926173353839167,0.021962168202436544,-0.0018741387355808482,-0.005068846909698307,-0.0001912806497570317
53033000900,-0.03319886122159084,-0.010060209460478415,-0.03484225513659573,-0.0006504070423228999,-0.0027770348148855794,0.007689514467501006,-0.027165304445021785,0.011974236600709957,-0.026731549529867064,-0.03417413436310543,-0.0011006458851808188,-0.0011524263498632913,-0.03303965079885998,-0.011303498170199086,0.036480067487634694,-0.00885289578524333,-0.0757448524670741,0.028549526042449085,-0.019829619274349633,-0.09765776484144202,0.07313611518588069,-0.045261976533073005,-0.05354699996408628,-0.010256749075722181,-0.0032193269164178767,0.016755260143987816,-0.04829203906035379,-0.0029531686948858792,-0.03508737031086315,-0.005913892591866063,0.0017662960588263792,-0.009203130277259625,0.006271026247729761,-0.004901133434892397,0.0023763624135876146,-0.27219495219300055,-0.01898275010807785,-0.00027923285627689664,-0.037616141739746596,0.0037753637683396154,0.015358156517874465,0.004584576158684052,0.0033218429372144924,-0.017707098447922263,-0.011007428838782777,0.203367136464662,-0.0069998189398813885,0.023906078710802657,-0.019765024643290423,-0.0037465464155925395,-0.0028893410272778836,-0.05027857285236315,0.051237772560950544,0.00023255274937161705,-0.00589958053375299,0.01802928063418261,-0.005343968198504979,-0.28128879955728553,-0.03837636449634704,-0.012130891278999878,-0.00771612073361771,-0.00463872803704087,-0.004446728067977531,0.010900758680650472
53033008600,0.002414575224469526,0.012463612531839039,0.09287800459124376,0.0020677982908544517,-0.00646439305721574,-0.0027154545485672935,-0.0023436418825622204,0.009559297519216046,-0.014406668412783923,-0.02176732627785523,0.0003653458927926481,0.0043256857975559745,0.013571987709692814,0.013681835467398994,0.021120219010876882,0.004480622514613873,0.0450338527600493,-0.02834879473534811,0.0030550402442177087,-0.02460921353961514,0.04704737337417169,0.030251420948380753,0.0008326531661661122,0.002777054484681475,0.007388833914553252,-0.022993377449273995,-0.07369041773242335,-0.012471806833780975,-0.0008621381191870106,-0.001676280796218375,-0.003192254473250496,-0.006857432021753425,0.002358341398145486,0.012316402258850235,-0.00226548280229093,0.04104818145206734,0.009020433150866342,0.013183187405410435,-0.01803314352817451,0.0043616913334017775,-0.12643941868964276,-0.0007250694817301656,-0.006361929045479117,-0.010925528276253852,-0.029657176314790538,-0.0931492892962287,-0.010809311888320593,0.015234654120744604,0.008433408847638197,0.06782303755192666,0.00361931513014853,0.0022684064449026518,0.07251616794429319,0.004875008852995294,0.006748635055294861,-0.025339185758549536,0.008978556647349067,0.2933423854832957,0.0281245398640117,0.00809562572735261,0.0049082224924574865,2.2447928734228222e-05,0.02122827993347098,0.015310305304685998
53033005306,-0.0011231255445459131,-0.01203332391023324,-0.010839263230629352,-0.004917148717631624,-0.00152194773357618,-0.06534495309823507,-0.059554160967379206,-0.047258577053262335,-0.022906614667318387,0.01980130908914812,-0.02445650310338264,-0.01734038779234465,-0.027363134353533953,-0.01348630392867384,-0.29088806170013104,0.008181378573612806,0.030529015273215554,-0.034392464273755904,-0.006240598905601934,-0.06928060156341745,0.04853782401233768,-0.040676058192332935,-0.011174245149903063,-0.00034222716411466876,0.01116925395103225,0.011467852858051493,-0.05803569515722723,-0.002400695866474157,-0.007949401161986796,-0.014444430487795493,-0.00634767358103808,-0.014895148162579927,-0.005018124109171281,0.004622201409355646,-0.01654569774587351,0.03650651906638082,0.0022480502003135346,-0.019530551035413787,-0.027835451434528487,-0.024347823749607762,-0.1446058796496269,-0.0005983527351478848,-0.004039782607981602,-0.015956182826576584,-0.022848175760006792,-0.1280344069985323,-0.016417841055940824,-0.011179964369922834,-0.005159168787327179,0.02727942754838907,-0.021251964049326562,0.002335919440131091,0.035200968411027336,-0.006689690306925677,0.004619235093506579,-0.1592565339653411,0.0025369183192481388,0.05735810196023479,0.004566700255987748,-0.010110687525612247,-0.01068313326793785,-0.01823929074243649,-0.03298032843952156,0.005975851174137384
53033005902,-0.011384488392363964,-0.01756060104984908,0.004226711099573133,0.0012169942264382253,-0.006440507391066791,0.03417267075748936,-0.004897463201915212,-0.0016649255465351967,0.06833954407578696,0.1093276109328183,-0.019525718396618062,-0.01058305204033543,-0.025513428045382924,0.02311280195103033,0.05326713806098468,-0.007648358240313132,0.03351177890758804,-0.014836134500008884,-0.002855400716083171,-0.05550839392384912,-0.07431128944261009,-0.01248158106063343,-0.010834003866122509,-0.009216875148082115,-0.0038519271741672884,-0.01399761475069576,-0.056212790137953106,0.006685931356327477,-0.0029469030551387363,0.0076410086330972755,0.014170481725365926,0.009901643167680442,-0.001531766586943702,-0.011737371341954099,-0.008443761804768036,0.029921171085264542,-0.0025621989050954464,-0.01185747724486775,0.03892416968316837,-0.01222894578529641,-0.01651956421979543,0.005997970994315582,0.006115489886143527,0.02105335668700786,0.0670310575620527,-0.10611457034208091,-0.013894595007769281,-0.028248414684531074,0.005614612273466551,0.001853332890075017,0.0022832644741623133,0.013748732991488544,-0.059645035682163866,-0.007095528693159579,-0.00403094370663048,-0.001990724347948019,-0.021001321306640446,0.35251606953222475,-0.015264615754524783,0.012632604427383471,-0.012919393982203384,-0.0035271874166764587,-0.026250749170439274,0.01421056690626781
53033007201,-0.006727390230424611,-0.005427670438632611,0.02016197016785703,0.0007244548031337899,-0.003692224756130841,-0.013866429266245314,-0.00947766980363406,0.0276466333118505,-0.016795892252395157,0.06499418235314619,-0.006464309524473492,-0.0011351580111929826,0.18943179219075826,-0.006506278282758798,-0.10911784265410665,0.026436409820837795,0.06346613989519466,0.02895019852371973,0.01794216366492905,-0.04678954890067253,0.09974542290897985,-0.001043518051827139,-0.004842165816256511,0.002418153807852448,0.019006056798733274,0.030751983655258497,-0.057492378954886354,-0.0008911461348263102,0.00019505191054065922,-0.003067577179201681,0.0009750163783523916,0.022813815730615476,0.010375014389074387,0.0028095770717109928,-0.007202536063086929,0.08200244939932336,0.005205451000739645,0.013941452701319287,-0.012075319129327043,-0.012334203705804856,-0.01831949639552683,-0.002395469394324649,0.0018611228285239096,-0.0057290210120606345,-0.01819351786519409,0.3177412332845663,-0.0028990420638360017,0.03985707241244807,0.007322048997902114,0.050453033677683695,0.008157313101608847,0.016807595606093136,-0.024241100191731015,-0.004718866923933861,0.0003886654572581667,0.02115830066888919,0.006804487796080518,0.16144617702552888,0.0098305475456756,-0.006202792439459504,-0.000743193133516371,-0.002822840594269198,0.010675916049736197,0.00810736437863017
53033005202,-0.006899610245856005,0.012807913269328152,-0.0244885826750069,-0.0006342527163900641,-0.008279433342058827,-0.017844428819949337,-0.005213182043104266,-0.028583107781662027,-0.017704495930962738,-0.020529598461483355,-0.017248851993505083,-0.011507015832961362,0.0019491684773309526,0.018571085490459115,-0.07007955689677275,0.009673565119483706,0.05326642574020399,-0.035294511094760984,-0.004121939421352943,-0.07286507345652093,-0.11789163526150379,-0.05100213687955081,-0.0028577214622123237,-0.0009129526454884088,-0.0056632034271353925,0.005662540344121764,-0.07887252189037401,-0.007018083741826751,-0.0035150128498439254,-0.01921980912276731,-0.003808219493018701,-0.011783297987233958,0.0011227307429983163,0.0024407579672233847,-0.010693797208066026,0.02220718145534962,0.001193397842639269,-0.006032512321943032,-0.03196936094982729,0.0006472248730068701,-0.19871050936973744,-0.008366869837724698,-0.005696298547835928,-0.01465916935153669,-0.04633398622087242,-0.13882832628188646,-0.025243425231881965,-0.029639230346510195,-0.008135951316451244,0.05044365515635118,-0.023885692631735535,-0.0012132369550414061,-0.05453627075948803,-0.002100789822609245,-0.003407705160335706,-0.03263123417671351,0.00669795848291679,-0.11689559978808556,-0.004256124060324571,-0.005845671850909821,-0.004449284485246464,-0.003655260230494065,-0.00626547244481935,0.008316589064903712
53033003602,-0.005563614312163146,0.0015288615537382667,-0.010088332626880601,0.0018374730613979291,0.0019061320742951074,-0.01623127215302924,0.012845177630646621,0.002852283268635312,-0.022080245398285868,-0.0298284603260264,-0.005063086225035306,-0.0077749766590847124,-0.016806243597542212,-0.03018790733659513,-0.24670921636003024,-0.01386397632843392,0.025483515974319103,-0.01999363161913885,-0.0144907415098414,-0.06677372059088604,-0.1669367949565612,-0.009857217524865704,-0.0009061317078492335,0.005653722883783619,-0.0009027406153852158,-0.040493435519411466,-0.08195857320732337,-0.010586669561745267,-0.010810353485515923,-0.015010038625531038,0.0014301456360703772,-0.024096004416451145,-0.009817345372647153,-0.012344934640233505,-0.00030931769493616545,0.047622201786475776,0.002629417021167293,-0.00960993072551843,-0.02278634866418807,0.005679993261378905,-0.0065178192219447805,-0.0007157086623817275,-0.0005724836911006675,-0.014558060046638167,-0.03003199523702057,-0.14946536267423705,-0.019717614444777702,0.02004052040778844,-0.002054023034457118,-0.014894798419446437,-0.006036449699644969,-0.013550306928858934,-0.10349851619809357,-0.0018752615063174418,-0.00995585507976011,-0.02035625526704551,0.0011552964112207333,0.12359924341125066,0.01981712195927775,-0.01161679101643719,0.0016624566929882177,-0.0022884161869890784,-0.0156465765504487,-0.005323151277451708
53033005201,-0.015494431693518194,-0.0005839139152503068,-0.031133229658269267,4.9687650941565794e-05,-0.01246191669615237,-0.011389160004683884,-0.005491900459654362,-0.004261120287748513,-0.01591721512977366,-0.01569734523853142,-0.01943424006475892,-0.012582949858779495,-0.03670509009846668,0.0040516938744345156,-0.01879973382625078,-0.003014080443677489,0.01350750275069297,-0.05628516973258919,-0.020339418166550837,-0.09803130721298951,0.011539301900815088,-0.037314004844892217,0.006420692657810054,0.0011868387810861636,-0.004419470855155862,0.004506585813004542,-0.08142651834290382,-0.006672558878023041,-0.011313778078850683,-0.007424449668157198,-0.007742418475294523,-0.004738923899924008,-0.007518967323934659,-0.0021553740304157704,-0.022735550852940652,0.021651678538164274,0.0013024581751972942,0.003959363808219282,-0.024737655580836605,-0.0013744249786627036,-0.18860221837220917,-0.006302503524062141,-0.002336591174344336,-0.023728238199500987,-0.04713421053567516,-0.16533963432582116,-0.020756433046215314,-0.038539023976391376,-0.0009894977237584347,-0.01814105434916476,-0.011930207577002501,-0.004947941469541403,0.05539648721023422,-0.011137122255104333,-0.0013716986961351532,-0.026180468475895703,0.0009270697195729087,-0.4440398673559052,-0.0174369969075586,0.005647564200581059,-0.003917238650616689,0.0017494542764516549,0.00840766554570742,0.013066629557310638
53033008402,0.003202821527813385,-0.0025484534006329613,0.08339953210788736,0.00225506894165607,0.002981061116680024,-0.008817919356558342,-0.004152236420472676,0.007389350010672678,-0.010631085892558878,-0.013617715970890162,-0.005716813549049046,-0.0021257268546791513,0.045217777567783814,-0.007084249908929843,-0.02545289187820126,0.022573070025559725,0.04529289605904655,-0.0031263614035733477,0.020138735670903355,-0.0066464272173121725,0.09344795527051136,0.010866314999419232,0.0007189997588290306,0.0010107863463543448,0.016606724742046483,0.014812207537752553,-0.035786008231834227,0.005629658465823361,-0.005433972906956373,-0.002454966997380106,-0.005294226214791697,-0.007696016229790543,0.0010805092289536357,0.022542503361053283,-0.005571402493636916,0.04475101989235743,0.0007508674385649977,-0.0015607836528570677,-0.012313143169641026,-0.0003319147555754148,-0.07411151720496448,0.014628589990775438,-0.0070518762290733,-0.00910671219833961,0.0020239554956026974,-0.07643098469427226,-0.011339996609913224,0.04073621086206431,-0.0005882954579588523,0.061822285098335705,-0.0021552229016020335,0.007533819766576867,0.05456015064610852,0.0025532946295194394,0.0012059624471235575,0.03045502622130642,0.008464932917422821,0.17793319173661504,0.016192477010128912,-0.005064599450323679,0.008301666620234087,-0.0017526438249239134,0.009748984308830281,0.014492562806215673
53033007302,-0.002280736275258576,0.0001331782577737025,0.03717748992430549,-0.0037809762884079548,0.0013023401570001383,-0.015563406639564894,-0.010282140988334264,0.02938064116753298,-0.015292057755569483,0.06081322597408444,-0.030894865014551954,0.012489819291223359,0.17550791124256343,-0.0039292005564526685,-0.10469032687450514,0.010145746443745066,0.05716526559908913,0.040897540745863416,0.009369419415458685,-0.046941758660139374,0.0934065252390335,-0.0029958918468357956,-0.006625233702190414,-0.00026277691426987036,0.014935637640352903,0.029109620309850346,-0.055256224258451364,-0.003130121183717546,-0.004682647495546273,-0.00012603201339569172,0.0008227182262725977,0.019037545449607046,0.011865825039174492,-0.009732844353956547,-0.004620463538022693,0.0829865125190589,-5.279152420847965e-05,0.04058303102534664,-0.015344439090536302,-0.0009712241906050875,-0.0230732851764491,-0.0006593303116405541,0.0003508674359968356,-0.007775440539130823,0.004913504129880427,0.30264936344717713,0.07877981093781607,0.03521405317039416,0.0053793992444282,0.04528094810772863,0.0053629629610739875,0.008271791846157475,0.03217981548118073,-0.00374615521317654,-0.005285170116254203,0.017838387152181102,0.006995725463019975,0.14413317446395532,0.0024822376259440566,-0.006726873654689531,-0.002977409934107588,-0.006413256213506218,0.00887450408348673,0.009183422349481586
53033011801,0.022073087745858155,-0.014511618614774789,0.0013606786911309248,0.0005079844950147614,-0.017726861586053588,0.02071011806134701,-0.012874599353208005,0.004325353033883051,-0.02070468316693198,-0.01492940797047082,-0.011699918309401912,0.0036757590455269184,-0.024218035782236167,-0.02645875168037008,0.041619205137435784,-0.008263088918674623,-0.025937016209803977,0.03788866534813079,-0.004480668057188493,-0.06898230677709989,-0.19302089480717305,-0.020638849905234433,0.004943810261542759,0.007024127807646767,-0.00507643318531423,0.011878744897012374,-0.053454147095923006,-0.00435250563102931,0.026031151121954227,-0.009491560760368278,0.008134930890463446,0.004250416613699157,0.0036045399684913196,0.0059166776470586675,-0.003844864973834889,-0.09730274915087932,0.004768678888435304,-0.0005716854491145502,-0.020085586269820703,0.010144201247607204,0.03242811360670394,-0.0014499519849288886,0.0022851590968506236,-0.003925119039488816,-0.014186267015226356,0.1372864263344898,-0.01906543860400631,0.00758552371269907,-0.003292340100516157,0.0015968871445470993,-0.005348834153142306,0.00804500498811017,0.09378876384252256,0.00538209089050032,-0.00017152906738989514,0.023071642941539704,0.006894058385492815,-0.25865069253926315,-0.004392095254975125,-0.008009845912874453,-0.01957672251684706,-0.004763088147455682,-0.007043135636157225,0.008061875345822287
53033007203,0.0033309342095041257,-0.006194170714232719,0.059364954870155244,0.00615715072098631,0.00038857475025402957,-0.004335870385272905,-0.02248120739711207,-0.0020475506537945185,-0.012986469895195966,0.017816167843942198,-0.0027159192633118686,-0.003967295608969815,0.0022209379130066153,0.005785999745074288,0.005917971632128493,0.02665208358300931,0.04910463037699097,0.07010785937422072,0.018022434005994372,-0.04606814409760447,0.09377336085852664,0.011521642576086604,-0.006136871689098328,0.0036788335616762184,0.020785304347085757,0.01548377246425954,-0.035647740288979164,0.0011315205669043043,-0.0015607269356257244,2.5051134276255528e-05,-0.007829347553330833,-0.009785801850819672,-0.0014509643421293504,0.010455875652855058,0.0015018446284941406,0.05830485887293554,0.0039027184079972067,-0.007534943040883529,-0.01661232210842966,-0.004939780219595139,-0.08506557047064728,-0.0015991395517838394,-0.005269506528813544,-0.009609853846128285,-0.013166547655774657,0.12638756907122423,-0.006797537506764965,-0.006743463255747368,0.009942705149311993,0.05622397804102572,-0.009258468581697132,0.01576907268534216,0.041325093533534696,0.0019370457371699914,0.0010337347553332186,0.035381359333323516,0.007981645506288349,0.17606870763193003,0.0037822869189167298,-0.011642123971004297,0.0038112983238568162,-0.0037704366352048256,-0.007606397300842355,0.012786645813443555
53033011901,0.010512916058018613,-0.0035107451876229025,0.003985500211739132,0.0018011046793608234,0.0019912806822565687,-0.011278342047514659,0.00020111772089874451,0.00826018359526469,0.06198734342511634,-0.001786692836321719,-0.00037263481651435846,-0.004830382332846018,-0.004833252496126398,-0.01413934752647638,0.005669582161243614,-0.007198004764503756,-0.0586322871647571,-0.0011954150989139291,0.0003426199747303264,-0.06806568191416865,-0.10352711058026168,-0.009098395114260137,0.01576886136414958,-0.006586134812595761,0.018245093750146647,-0.030332859583434235,0.23812761643712888,0.007052813790355619,0.06923317239425598,-0.004734017236814644,0.002247812352670352,0.011407198682555275,-0.0036902241917053658,-0.01260551649610898,-0.0008695588651699198,0.020605757973263545,-0.0007811480440327219,-0.005089727058536737,0.03284370816649148,-0.00781703783356095,0.09180927459953322,-0.008778721621520115,0.009196142235992126,0.01988521488791787,-0.027450843704493896,-0.11414897984538896,0.003607845670954287,-0.03637842599884227,0.007807456919397307,-0.04059017286579768,-0.008916207620350383,-0.013335001553716076,-0.057818337935874355,0.0016423031335269479,-0.011775670592942577,0.0209253471369388,-0.008124159164396986,0.22084799381261763,0.019233338009542817,0.006147515414332394,-0.01147442216452119,-0.0048134564815827795,-0.007717682534846145,-0.04337734252858724
53033001201,-0.016542782446315133,0.0015001888429063033,-0.039432770517756774,-0.0005495212779958232,-0.00759515640816987,-0.013359174267549831,0.004813153391185082,-0.15262088065714544,-0.021520000897702264,-0.026687926256832684,-0.0008310232608701722,-0.014662446927087128,-0.022346189985009167,-0.023076538652849293,-0.16352398540233434,-0.023853781614508438,0.008763402528631595,-0.03626043830963334,-0.018672772449148854,-0.0719430640571687,-0.020061957066032646,-0.01098672843736004,0.0013446726157504698,0.002651653939789134,-0.0028536784218618945,0.002812485650012593,-0.12766988258927192,-0.015992997220990433,-0.006854876153606427,-0.005638266865199364,-0.006092336478532852,-0.005785295785474937,-0.0009184379926158317,0.0018167214368522947,-0.012088454918449407,0.021718273002497512,-0.0024730967646645996,-0.004561843313584945,-0.02466671667212663,0.0031287969381587036,-0.18377947933043134,-0.008326902762967213,-0.006838270643695034,-0.013480825348060372,-0.04276270942880284,-0.154118624961788,-0.012542370148536578,-0.025287778701788395,-0.009957171023890318,-0.02880294726973964,-0.007575389858653059,-0.009406798364065671,0.04610602356291551,-0.023797297188445993,-0.0016797919533014436,-0.04463415375004744,0.004123152752421328,0.11014509905430839,0.027030441577297098,-0.008741354703787792,-0.0042734035345141945,-0.011465716436307243,-0.018635429016607852,0.00237349603463101
53033010602,0.04615273312825182,-0.0008401111513341374,0.0008080425985403344,0.007706401360779394,0.004450992651408711,0.04947252838801081,0.0047547488725366936,0.033012981172994546,0.019893335039660797,-0.01456467524150544,0.013888501873981692,0.009667546257083822,0.01755513573631535,0.010872623032292217,0.09887497501462796,0.012933616374114396,0.07159201465992454,0.07780976745296049,-0.008804668360387832,0.4627155260910363,0.14962513439339292,0.3147840841311427,0.0005910707653938105,0.010702162046520775,0.005666309073509357,0.051443657818713365,0.42464633152759035,0.016425402482471804,0.039924143529732295,0.00018570493202326634,0.004049720868984011,0.010419044647990258,0.008415527481187736,0.0001597215725208487,0.004363465728754535,0.16632956656981746,0.0001417691424350387,0.053094703591710646,0.07813765437107191,0.015760049125880707,0.17219648727912176,0.0011493189812259515,0.01908163734412149,0.04058895241188046,0.0008141937298217847,0.4842271505194741,0.006695222050070516,0.04494027556823618,0.015817732739569552,0.023945138820582787,0.005105968170129641,0.02233029468147087,-0.025424256019749198,0.008114594517448816,0.007048872370546866,0.025736761464632447,0.01272586586529012,-0.14842848246746762,0.0008291574347901742,0.01273734773126058,0.011563788124023503,-0.0016088000163065764,0.006573442569894599,0.01301889291064009
53033010601,-0.006113894878112411,-0.008722356191840107,0.011132067129353043,0.0019136490692205738,0.008413813157393138,0.07936543014299527,0.014690126102326713,0.00563137333834477,0.09053666313446311,0.1213354720959402,0.011142944401999547,-2.138960650687702e-05,0.03040856339543851,0.041620648129308345,0.11982699069716615,-0.0012550379221786072,0.06172577019030796,0.007204137319651471,0.00951710105452617,-0.02917202117013342,-0.02491040840501002,-0.005399218748379671,0.055952124816563545,0.009003478561282393,0.008169710556927537,0.15513919438385532,-0.0016811531106381838,-0.0048967131153798,0.0234147177136859,0.012943396867760895,0.0022542431481385626,0.013312686942314024,0.006814752602231774,0.01344880435120474,-0.006364163149847241,0.129617150890348,0.0028573165893272644,0.0009206193996390437,0.055698323324758124,0.024205361897419522,0.20967267238783394,0.01157414907331195,0.014170747977988157,0.0107668332771688,0.09707865693103393,-0.026767621067736072,0.15127046729594432,0.01700095568093055,0.018881489571376194,0.015131560847113819,0.01127637107346547,0.053891914155090724,-0.008909939694891905,0.008143554261512349,0.00026188890057058105,0.032016668812656635,0.008442016409878714,0.44521207308839317,0.015628758374159456,0.016589932434329657,0.004141801669740627,0.02893723775009943,0.012131072910919274,0.022635860528809604
53033011902,-0.01645396885619123,0.0026900647374533257,-0.014844573699499885,-0.003163015984695149,-0.015165189766728432,0.01903941215468022,-0.011471732243361545,0.013277235942461094,-0.012291987562673,-0.0200239700464696,-0.001355398221189345,0.002811042403289679,-0.019318310092715667,-0.0027660378650708303,0.04906167758498536,-0.0026963730217432263,-0.0320351445546876,0.042291576521997686,-0.008610049925199448,-0.011931819312868755,-0.1200411556264515,-0.032861945557955574,-0.024797122902505835,0.005645890667382482,-0.004242257259784579,0.018445459194346477,0.07454430248845162,-0.010666200821214642,0.013565120635789612,-0.005320602350574655,0.00569687803773405,0.006671868603397075,-0.0030925636463586307,0.0028596481473016112,0.008030166018979542,-0.1152663412110407,-0.002829619989220875,0.0014271588655139565,-0.0205197878715465,0.011408220493014409,0.053692375899472615,0.010262151684073052,0.0050357995514063005,0.017676816097375293,-0.008265930975998703,0.17794740714328217,-0.02620533012353312,0.012971844635751293,-0.006985739963981864,0.012152555754373162,0.01781424930903698,-0.0180714244515757,0.06488420341826424,0.005299147537817846,0.00021681986830602426,0.018767497115267855,0.001063919643877529,-0.23560933940805082,-0.017907585527778026,-0.004907013351326943,-0.02208754864332745,-0.0032687785759634913,-0.0020895876123624138,0.006075595930976786
53033000201,0.0023724768779811462,-0.00347676890414515,-0.016305334017731894,-0.0010917775069069166,-0.018533218817618737,-0.006960973034689699,-0.007398835153543625,0.008887807904367448,0.047832340656166185,-0.010858671581671867,0.004083799392418593,-0.0037634705993723904,-0.05373140256749895,-0.004530240357409215,-0.011968500638208791,0.005667747033199989,-0.07125155970198319,0.03376560816942572,-0.008755515344479967,-0.09341010347222486,0.06619650372877882,-0.015695649028992592,-0.013456182951275455,-0.0013049972226309829,0.035503202847764634,-0.037583035501233576,-0.04818649067250857,-0.009226776623502339,-0.013425050867947583,0.01599170860201754,0.004944906622401431,0.0026826964676960716,-0.0061553265556945945,-0.014325921790242984,8.885904582090688e-05,-0.10687089237685679,-0.0009846659227680913,-0.006820025896034573,0.021271755918127938,-0.002505903954965822,0.04695034977186854,-0.005076667024441789,0.0036044335314397115,0.013990033974468219,-0.02783192763475928,-0.13073650668046174,0.010655413751611895,-0.04447869881021461,0.0025699027871851424,-0.12201597455867728,-0.00042880709744339435,-0.02268433681418396,-0.03131662606762744,-0.003449226069544137,-0.001434305325994164,0.012988036714545494,0.012507889694287656,-0.4709229553113893,-0.03325284180102577,0.012084854824019716,-0.0035824637664962655,-0.003431038601168404,-0.0036897222084841096,-0.026343950800577463
53033006701,0.00692290654135995,-0.003693724844553554,-0.00942574863504308,0.0025490328935615274,-0.004382291530908899,-0.005946938198576256,-0.005965856036609479,0.006286339094291485,-0.0166804957992898,0.024002172996903253,-0.006693843394142093,0.0016513383095819714,-0.004997183250804355,0.02983241895442127,0.011081616224923863,0.021191780729009367,0.040002009093479875,0.07530318342699695,0.025492113119654304,-0.035549373613442244,0.09106518320410452,-0.04065979160808863,-0.006476993977470019,0.0022204750559098882,0.0005797874067062765,0.02128565168116129,-0.06734945643229484,-0.0011182858174608522,-0.0026047813874103217,-0.001196777022062917,-0.004007595744635758,-0.00849465667044779,0.014518835215038406,0.00870883902409803,-0.0005819569706550695,-0.041022632524660686,0.007305174899021785,0.007951918343681188,-0.01492774748230726,0.00021975338485262478,-0.09486207434564779,-0.001862575000631796,-0.005348399959173166,-0.01024870421821127,-0.015839754778473228,0.17604444239913125,-0.0037866019069618512,-0.010497537648005957,0.0018574953081654123,0.05636726687466803,-0.0015605547843661272,0.003813708850989475,0.03903515806780557,0.008404660487138007,0.004638560132508051,0.026183566734836947,0.009381367907855482,0.20642298108174797,0.0022108254159282064,-0.0027300916743507914,-0.007617569468989051,-0.005246916103106362,0.005688012423265255,0.01125267458834435
53033000102,-0.031369830013533856,-0.0023803112372650314,-0.03830222590571194,-0.0008144253826457865,-0.020534078188445472,0.02212130109748007,-0.020737499216158937,0.01373250935225545,-0.021552213721033657,-0.02664776980851234,-0.002294322627440888,-0.000309483189658257,-0.038947008148213426,-0.00445306703941458,0.03549307716565028,-0.002407736451344588,-0.08886511865382807,0.0387158117970207,-0.01343313554347518,-0.13022658683817293,0.07692017455713708,-0.03769262512384712,-0.006762667890421813,0.006187688436498858,-0.0038270853489253544,0.02005039984423938,-0.034772597835992486,-0.0010215035405734705,-0.009909493229269442,-0.007953319675632791,0.007737578924020306,0.0029783474028151884,0.008376120739730195,-0.0007358841778547478,-0.0019239816441199375,-0.22847415985001734,-0.010687394052508953,-0.0019380210819991057,-0.030943955792601577,0.008719663395432802,0.010747054653902665,-0.0037867573043636575,-0.001886926468720206,-0.021974803401126897,-0.00932293417497307,0.21521334908174694,-0.03057596818414747,0.007524269657478407,-0.024287870549884967,-0.01283489958822759,-0.01297467724100674,-0.05447647006220871,-0.0646390789971744,0.0002449113468573336,-0.007019952828180827,0.013902781973943838,0.009540701828027449,-0.29526785366290714,-0.016095838598834667,-0.010112688324155825,-0.021920183421444965,-0.003975728640534744,-0.008835780190194977,0.006545533023719435
53033010301,-0.0016422948318280137,-0.01920381143198109,0.03004756464254107,0.0005060476988164607,-0.013506824916735013,-0.026127730127707874,0.0031312315679036,-0.016737285847752935,-0.016726927817243366,0.02688524056505498,0.01199087918215672,-0.009838160887999329,-0.03324538912933831,0.007659657727820371,0.023664987509892852,-0.006676845264491622,0.011824465402188244,-0.022971702357190288,0.002018748770340457,-0.06460529284270555,-0.07386151437125608,-0.028342838842628924,-0.009590466527737119,-0.005147460236723045,0.0008682752647268242,-0.027596173345381725,-0.04697553138876888,0.004689813570995162,-0.010971428348871931,-0.008371501140921583,0.0015518879523763538,-0.009107705102569776,0.004829946863191976,-0.003671318340657097,-0.013978719253491943,0.027762715072805637,0.00398844196996531,-0.014110390929747243,0.029389309774762003,-0.004162843985891978,0.0072878623038836994,0.0030689531398812417,-0.002524449210285419,-0.01854408672473845,0.02971068671320582,-0.12376099624020113,-0.018898599658003338,-0.03556238705974054,-0.000891932537352478,0.004091517028868041,-0.006082150340770291,-0.02052377797584714,0.06304741616786896,0.002294581268437997,-0.012107888056428774,0.024201611970460793,-0.014765548185255406,0.293520083993182,-0.009537795614656494,0.00869740736153883,0.0041459471495598876,0.0012387314533570141,-0.011858163727395897,0.006578644014541554
53033003301,0.007573039641817928,0.012226282556872461,0.027381119095343263,0.0008070166319987794,-0.00010378076268964503,-0.01097954296412103,0.0040929021103308675,0.01496001589586543,-0.01823107738266274,-0.022300708710692226,0.005089015780498255,0.036537640859122436,-0.009029603322270045,0.034134900711137416,0.018258497939115183,0.0038255040225314155,0.027429522250342512,-0.012081299449614344,0.012912665833315682,-0.033151054900855785,-0.04918973853679238,-0.019081783050737815,-0.0008175305091236871,0.002214646614449474,0.0027272774806582274,-0.01827355221446266,-0.020146955002990612,-0.0028072525736274226,-0.004528167279579132,0.005423217973185519,0.002124041376419874,0.000682593120011578,0.006777179354565387,-0.0012799182375224888,0.01575153866377818,0.057036115016580104,0.009034704921120493,-0.0018962415242311833,-0.001554201864487119,-0.0024593583019976934,0.019212996612084268,0.006670189486850638,0.0012838957185356673,-0.0035708927957469644,0.11729070356280631,-0.06928865542088321,-0.009550354432053916,-0.006601916826065416,-0.0017554301782177163,0.027586075306757264,0.017185093945388887,-0.008615504677977892,0.09150857511510754,0.005221107932166328,0.011325402538354146,-0.009469536817059034,0.008110697199038688,0.2918195547413281,-0.00936237396004048,0.00835222750647933,0.010519956058550111,0.029613029252001512,0.035612379908898005,0.021329222191487328
53033005402,-0.010654334996048084,0.0022540646849768006,0.016349206728574418,-0.006993119793088561,-0.010182269811653667,-0.015473889937423487,-0.0002977261930254617,-0.018663758499621385,-0.012898509070812997,-0.014278906635486345,-0.021696061913182522,-0.018078115394892354,-0.050298737193215294,0.014997291771631692,-0.022953453066767875,0.0023542679949239502,0.012324199632369748,-0.04908307585821597,0.003928524171877284,-0.08583156707272467,-0.08188086557796746,-0.032529609076367184,0.007083904395234505,0.000392014677888722,-0.006696822927187128,-0.039591132387300026,-0.07905865085177188,-0.006828583264174489,-0.012716394396708623,-0.0038120167958873782,-0.006829650862287667,-0.009264416815484079,-0.0018942437885721432,-0.001210708902716946,0.0024846879630530073,0.055213851598563984,0.0009599588944447622,-0.003362746843427033,-0.017349219403640835,-0.02110271986904133,-0.17800535718849095,-0.0014776800481513194,-0.001208253622837399,-0.015615935858760921,-0.04333467451114334,-0.1803723465382622,0.04461527010462112,-0.02247723215812607,-0.004752545064282548,0.011828682361270415,-0.008283546089001002,-0.005121013589067593,-0.0635275891185382,-0.007936239873241132,-0.000460418319358702,-0.03602707602632888,-0.01133047944402629,-0.39234182672359047,-0.0140708992997595,0.005083181123276512,-0.008624316106336856,0.0011877954727984841,0.0006940503557769796,0.006565736262505866
53033003201,0.030555061805700404,-0.005866442375130255,0.0036285277543557357,0.0030678985425969855,0.06634003358943906,0.04180064647359465,-0.004742499999404925,0.0025394595367581284,-0.017916918961130568,-0.01667555580161352,-0.0036172698236587057,0.004078924435466979,0.04251236967345808,0.03330226967906116,0.06860416930529284,0.009438602448230686,0.06485382476400314,0.0634309809453851,-0.004278440547297348,0.11231768878248051,-0.07800601317385382,0.3126291547688977,0.005712283984147596,0.008165831921691888,-0.0007754919086654185,0.04008728184757088,0.3670361494472412,0.010622548719059781,0.01959232403841567,0.0006467866910935553,0.0065864814555132035,0.0038970293030386313,0.010577388498175536,-0.0012807541422089363,0.0027765927137565352,0.1070194022013711,0.009452300114853712,0.0015500108013617208,-0.006062098190980927,0.009925842092214893,0.07363987218813242,0.004891315065638484,0.016662089515644504,0.0031869977598762526,-0.002612611270193102,0.39509949704085345,-0.0029443366907579292,0.035627535250465615,-0.007869529478694775,0.02569051392660817,-0.007203482767530072,0.020561364922593924,0.02991836768184275,0.003916333249313787,0.004111822867554556,0.02453260966206106,-0.00023481727375803126,-0.15131916827406314,0.00803696646984928,-0.0076813836084508695,0.004971518914701531,0.004397714439630385,0.0013460829963159817,0.014530016971750619
53033004201,-0.017954863157274514,-0.009376570590051548,-0.004656524293417261,0.0010956402161477839,-0.0064230181399901175,-0.01964130955688082,0.022116527235254403,-0.001314156299559248,-0.005218368091807577,-0.008247471797095007,-0.013663860129510794,-0.012767813197560228,-0.053396663301517266,-0.025508509253594793,-0.017402358767251946,-0.005070347505310836,-0.08148005287313309,-0.047079093181153726,-0.0030807732863592577,-0.09251423954407711,-0.12050564124727008,-0.008178596843621799,-0.020592735564894604,-0.004431022368730522,-0.0003203845743072412,-0.03923465061705974,-0.061593117369380265,0.002699458091193277,-0.009207389456134201,-0.0031164859703684115,0.0029882758476500147,0.0014387867202415464,-0.002020102911453418,-0.004430010356892951,-0.01703730567373032,0.013040839036434378,0.001700944811231291,-0.0024853317742389624,0.019250194928923995,-0.008680012393071148,-0.016904616638128662,-0.0003849041815974872,0.003297869061020924,-0.01565713806110709,-0.03236454763547582,-0.17788924475203644,-0.01543454801892228,-0.047602028435198215,-0.0017406828459745863,-0.0921760447846196,-0.013484580470658333,-0.007495893547069153,-0.08988989336970443,0.0008233102956120241,-0.009185252088253935,-0.018690351108724426,-0.005574522866334084,-0.500677114393004,-0.012887933735879696,0.00024213273252160096,-0.013889981101558185,-0.002536267229672476,-0.009232375612962864,-0.028247462485486506
53033000101,-0.011252466335794478,-0.006458442217375802,-0.006683888930076687,0.003953166369819527,-0.01153494951874114,-0.01520032035710645,0.07515725047669283,-0.014018333042581387,-0.015515645483285358,-0.01816438982174217,-0.006271650358227957,-0.008336910445272534,-0.04257827651016203,-0.006559282943675905,-0.02669362291163935,-0.003201464960162886,0.00827763573749289,-0.0378027067200929,-0.011670351228865679,-0.08045056084570304,0.05805584399205798,-0.023055204884905117,0.004970633742703444,0.004676125258158744,-0.006129603073243184,-0.040813276965063774,-0.041149270715194704,-0.005738433147432493,-0.0015561652035717794,-0.004526473858911881,-0.007021280703386572,-0.006014972096085296,0.003220184727697308,0.006483114527022312,0.002403636628147773,0.043872061738726494,-0.00020962132295480177,-0.0004746719291556585,-0.013100352303156107,-0.009767904170136642,-0.192059526308682,-0.002319427803685254,-0.0021045430544498964,-0.018069708980695477,-0.036858913422255904,-0.12976684639651243,-0.021902294263524594,-0.030349707315881744,0.0018586537758752877,-0.012705400696421499,-0.015333770080048638,0.0006414401401288457,-0.07215678851742258,0.008202470116425113,-0.00030494383532156356,-0.020083306319950284,-0.009676915621283096,-0.3049947717630265,0.003703388343898561,0.003078542991927851,-0.006940309303881516,-0.0023748333598381725,-0.007939842782251627,0.0036549862022679253
53033005307,-0.017769952436762295,-0.010865104484152779,-0.05489203285912074,-0.0030585853782620037,-0.011961488892802671,-0.017318526881926515,-0.009651732612200441,-0.11920222437762314,-0.020293816790843053,-0.023518006284049372,-0.0018627597052638721,0.023879029763787647,-0.05463094765582665,0.0022475463735537565,-0.2442017704887727,-0.011972323736599514,-0.00037326162360727287,-0.04190759543145521,-0.00493901861492659,-0.07510147151624305,-0.08145558198873462,-0.040908120866327585,-0.00046599281101631404,-0.010546477006176587,-0.005329428994859003,-0.03597363390722855,-0.05343545723635799,-0.006154964081578087,-0.011316311923281554,0.010050409156609796,-0.014711822179103742,-0.015824367201161836,-0.0061959462529017455,-0.007771813459206389,-0.017078468088731008,0.02415268133357333,-0.0013398682534605081,-0.012943367614138857,-0.031196489239234435,-0.0011138734528508868,-0.1837984489536177,-0.006380680045786115,-0.008368164475760389,-0.01906562714914737,-0.05164467989882535,-0.17197196146576754,-0.018564475885718145,-0.04384942088317555,-0.005866400900747641,-0.019455594640898747,-0.015107413416607814,-0.016702911758436332,-0.08460124043275437,0.002310501263270958,-0.006224003972296528,-0.10623102643554962,-0.01087228319201914,0.1245630221500278,-0.01595539279066069,-0.010286233564627368,-0.007494718172674609,-0.00848722519564829,0.005251530975470628,0.007085458290524105
53033006702,0.009386606484900096,-0.0019157020381941488,0.08129258994992082,0.0025144694803180276,-0.003066937373107841,-0.007574488282935274,-0.0042755023719277556,-0.0003814233029885654,-0.016406589844673494,-0.03139819531999665,-0.009941108921054553,-0.010893502738374342,0.002947826407646837,0.016961166161067933,-0.08689196101944269,0.03247783202433529,0.0471538822190162,0.030491641649994634,-0.006057579008169178,-0.04231412842309065,0.06107656929614035,-0.001986861793748679,-0.0007238001488697319,0.003602913382578094,0.004767326898396383,0.0023464755623441537,-0.03344588320828493,0.004409296739594338,0.0028423286936969335,-0.009201188222285505,-0.003467991408264545,-0.000935948745249906,-0.0020313220747277374,0.010205917034353392,-0.001606977806617444,0.06615418084754766,0.00860277323732152,-0.0059458015967716,-0.013981936444616273,0.0006245229041572316,-0.10986586014510834,-0.0016628859498711804,-0.004943524970809065,-0.011886772233358017,-0.02148822125783797,0.23398450253010528,-0.010358486851160264,-0.018544229414132717,0.018844209050013407,0.058748551810354835,-0.0014601946326029292,0.0008975666171123816,0.049782525287629865,-0.0017695949412476918,0.00675748148178361,-0.010938493193974311,0.008052792582743025,0.19772549814722032,0.011474058819006833,0.0005629101690761495,-0.006026630141551784,7.137066223564675e-05,-0.007607238636482962,0.008965357930366274
53033007501,-0.015310171941406197,0.0015704075990014244,0.08471340878240477,-0.0007195401077146331,-0.0028106209926511225,-0.00858157687791131,0.004567880301160764,-0.022174604838548308,-0.019097600564711402,-0.016675469043926503,0.012476533141637438,0.030447260091585333,0.0023865497987353387,0.007718321179118175,-0.07634050650501777,-0.005006221186148969,0.04417288217402697,-0.016876189587375006,-0.013367511899925577,0.16245532038034252,0.08343350143403512,-0.03743910759965478,0.007867206890725861,0.00044813249227583615,-0.0032568074040930563,-0.0198723525408647,-0.0321988898061235,0.003812036085932684,-0.0049641350316452825,-0.0016437893832966129,-0.003975370960388126,-0.002472678998667382,-0.0017185429343628343,0.00438636765736788,-0.009865355914493602,0.05485357112533685,0.0021311660733346937,-0.0014749809641511412,-0.03356528460821444,0.0019309912776082335,-0.13216578914364455,0.02264802494342707,-0.0077214887921757385,-0.014328557862715365,0.015537947936411159,-0.11316479060339181,-0.008085027206893311,0.03597220924540075,0.024877549304107353,0.04870176024752596,0.026003367923404092,0.0041297294022999385,0.07274280507151323,0.005747004828316466,0.0033165846692963102,0.02215349940715389,0.003997076045388793,0.01149539311092296,0.008818987037303647,0.009860339141738186,0.0063440261046563695,-0.003084852016459683,0.00858226570084142,0.007477185209941149
53033007502,0.003327259972938318,0.0052297659806170415,0.06084791115252747,-0.0003657972636028713,-0.00721476720564945,-0.006074869630424634,0.005110178035557799,0.008311077263824919,-0.0190307948763965,-0.02723708118178608,-0.003370124317992055,0.031208696099282094,0.0034408566557405057,0.008450013081395527,0.01691666583598687,0.00033130166419255696,0.057824014424577616,-0.01376683195138554,-0.010830119345821851,-0.038145934172351216,-0.0676495970376854,-0.004471120400449022,-0.0040160235641992555,0.0035252397098517055,0.0020060095871570613,-0.01824503490780035,-0.03474985773315741,0.0013419579591224654,-0.003564688652159381,-0.012848179527374035,-0.00275308220573211,-0.010554123168629352,0.0027599358730106514,0.011964422044815192,-0.007724319993068117,0.05257241270930275,0.008214795770117866,-0.007766672035553608,-0.00993870864888993,0.00355974011445388,-0.006949952642115726,0.005355521993874839,-0.007091059146100611,-0.014022834258756315,-0.0011075746524875911,-0.08930206508858377,0.04595284642880498,0.03603184070415362,-0.0015056184988488871,0.0627991805983369,-0.002592375302089572,0.0011611513700716472,0.08047438195097237,0.0010463688301509551,0.0027484115471126174,-0.013364163777300332,0.00737559553869161,0.2586818972910287,0.024915815776663065,0.009978887787311052,0.003601064535219124,-0.00048539719064741733,0.011035217135910139,0.013236616486712146
53033008004,0.03142953001541529,-0.009043504108569298,-0.014604012327667499,0.0076773558036231215,0.07105695330189589,0.028404660441579577,-0.007331904232161287,0.023468819915272363,-0.018847591759652876,0.06306603092791321,0.004782727333950076,0.0012917737756003678,0.16079493742035278,0.0008520839949679474,0.06220347509218381,0.0183087063769755,0.07120868809542776,0.060060467883719215,-0.002310022699201927,0.03316506661437243,0.1359708053784334,-0.03311650738869862,0.004264201694246409,0.007795020553395154,-0.0006263903409614833,0.037303940817375834,0.1340907395941528,0.013122985488212524,0.02161079073925655,0.002735273370131304,0.006605884244582048,0.004024977326627798,0.007077351478127202,0.009140601249512837,0.00526291735670718,0.10531410061855426,-0.0006929288403888505,0.013271800100853331,-0.014125102293582987,0.004909617855347255,0.11901664791552924,0.019936704739743315,0.010178873435973138,-0.014511419418106441,0.009308246557595793,0.3705318492019504,-0.012999568383325982,0.0409280518457507,-0.010147395261247511,0.049037552463019156,-0.0024341675838045994,0.02415007360469355,0.03293932088667174,-0.011270424426341973,-0.0039867343500823325,0.02720004075199568,0.008272231382933011,-0.14027810169982852,-0.006069870246679613,-0.0040865646516845,0.005299651954564966,0.00022741187754781603,0.004645690196934536,0.011614895031535148
53033007202,-0.003639903711092461,0.00038380801336500005,0.0337750953177852,-0.0019497825035421459,-0.0003494397412016346,-0.017009722215451575,-0.008627773623483073,0.025454348143471937,-0.014479219064188293,0.06397163559369977,-0.0077671862549648805,0.013235769055140883,0.18215360552440804,-0.003732537577182726,-0.10324241954511838,0.014881050868112101,0.04546917751062096,0.06556793830050817,0.010634034968586616,-0.04894008411482372,0.09380941297205532,-0.0010199744249626945,-0.007116733931127709,0.003831613057152421,0.014616688114368944,0.03034606395160606,-0.05740431919128449,-0.00234955337372585,-0.008358578334221012,-0.0015716594164077002,0.0016763953675724835,0.020225541561508662,0.01061998954490743,-0.00898168032229252,-0.0026269731014449006,0.08119080840643625,0.005002619454398097,0.02185332508994081,-0.01584953382155135,-0.0004062526908058352,-0.11165661380872127,0.0019297468168667125,0.004611546471693511,-0.007209033018520725,-0.0005423158149570472,0.30584129427999374,0.08104986455136973,0.041781057157833854,0.00953228010700598,0.05203399521264003,0.00514620341618388,0.00881008959203705,0.03014202040306373,0.001490468414678772,-0.0037161347474772882,0.018051489448127886,0.006510018113799032,0.14436052006210698,0.001734826740275576,-0.004021510241391971,-0.0028989423451847734,-0.005046373358586805,0.013005098666651463,0.009770625858797363
53033007303,0.0007158564734542966,-0.009065819297709336,0.05859265785420578,0.0008625477845478928,0.023984587458232894,-0.017967140153226584,-0.011808754101380312,-2.401192713073693e-05,-0.010370574057309977,-0.012315843435407365,-0.0001525545774433599,0.002259296032928149,0.15574109025657723,-0.00788527758112532,-0.1104568904416863,0.017402031483552963,0.05132693268959491,0.06446782889558425,0.016922643871724423,-0.05004407200833625,0.07442897229996434,0.0027721040864395283,-0.004339381833912525,-0.002622669949842656,0.016765409621046168,0.022747928835327478,-0.04841039430839143,7.031071225284412e-05,-0.0025486320792057295,-0.007063265191681586,-0.008087009816953039,0.01945028448652138,-0.0043789825327108095,0.0040527698880489715,-0.004909375405719222,0.06968773334922895,0.0010151663214000453,-0.013135982374589104,-0.01627256039057892,-0.005651951225379274,-0.09931894263569788,0.0030237674157779803,-0.008742227176175546,-0.007688733312154251,-0.012682516486197854,0.24595499653966674,0.03925724523151505,0.04071276026937683,0.0036909235881407592,0.05217897652197791,-0.0009025080132301445,0.0037213933809988184,0.031659963001105025,-0.0012056884983197374,-0.0025969641702600437,0.028555571981666392,0.0009228884414335452,0.11576079529312026,-0.0033674432006515513,-0.006108643351537842,-0.004959435952117656,-0.006161431306335563,-0.0027343055871099967,0.008768769613034452
53033001202,-0.022453600536947706,-0.008976112801938139,-0.03984629549779798,0.00039125455383349144,-0.01460318648308158,-0.014761217243660788,-0.0037263942191666202,0.0001506451422195468,-0.008355304830535636,-0.015114860797934818,0.002952763446257326,-0.014399264628286413,-0.052812520830792485,-0.015184289839262238,-0.017189965227677406,-0.006121130203272105,-0.06367823939667717,-0.05014911154579802,-0.014885313879335343,-0.10146940805331792,0.02067929584921437,-0.0112092110431155,-0.02712562724186618,-0.0019703899870746147,-0.007523430426767209,-0.04806995399008763,-0.04686093666574927,-0.0014052315288721347,-0.010095931291089027,-0.0006714682942926257,-1.1589703037663467e-05,0.006893358570081429,-0.007492668181192283,-0.004332890574746553,-0.022123538057507334,0.022156731004985365,0.0030662594983513407,-0.006740479243289547,-0.0018632822182575387,-0.003519782228693978,-0.16164584978698068,-0.00708852211781189,0.005959884315925197,-0.01604148989053101,-0.04223739380159759,-0.18148046297587486,-0.01600504280411039,-0.03444780291188808,0.0035610144091417777,-0.008160363482785437,-0.013155115407512642,0.0050881143408539045,-0.09386043146309891,0.010556129563027398,-0.0012644979045310098,-0.01100056443433454,-0.012642736696456151,-0.5049681839025255,-0.011042460858438552,-0.0032341099476526523,-0.005330277417850985,-0.0006112675558202033,-0.004259814190882576,0.005301679508791518
53033004401,-0.006866400519354224,-0.010809605078519937,-0.020989645921870765,0.001545549883276509,-0.013067507731025099,-0.014491903232779326,-0.003606382541565393,-0.008195523432369149,-0.006353103579423201,-0.01609679040541221,0.006864416099691539,-0.008857304130482838,-0.04730904232888303,-0.011455092320573,-0.022425710967631806,-0.005510092680989435,-0.056351149917534996,-0.013226878030562463,-0.0039707545425774135,-0.10075831743563238,0.04890508546175881,-0.026534669411537926,0.012239944125205753,-0.0023384349195537764,-0.006056748350961786,-0.041260779119691435,-0.04164006342004289,-0.001220643749103744,-0.006155014953256339,0.011717081405150143,0.0020304078620580752,-0.0019630203611123577,-0.0066816211252053465,-0.003720992640213231,-0.010525857728915964,0.022996906169405175,0.0015288939354371344,-0.0017122791197448164,-0.0069835641622068515,0.004392926540968548,-0.14953192325631842,-0.00656553264417461,0.0005838349124338955,-0.009293743741603813,-0.025681968271251507,-0.18162411041410437,0.00950614034372965,-0.03771543758145241,0.003303746653386184,-0.0024845154115117067,-0.010572120577446567,0.00047389375978392677,-0.07735111966397092,0.0009763625028857723,0.001021755687171541,-0.0064966659223593265,0.002069730227208201,-0.45250761520178084,-0.005113429203748576,-0.005424846435107043,-0.0021821735314163006,0.00021244836611110786,-0.006149350475336113,0.004166628810144842
53033004402,-0.009465182150935225,0.004216182251540963,-0.01741178220639379,-0.0037931310982608096,-0.0003248257392948333,-0.02165925956535781,6.947060270065522e-05,-0.09785930797325738,-0.02084343753940395,-0.02187776961847925,-0.0015524357129433088,-0.01037769540191919,-0.04431171418591611,0.012719010166059853,-0.2278532013844698,-0.019353626551935333,0.004747153285573041,-0.0317312235472541,-0.011417306198523361,-0.008495556374851991,-0.08883916575811814,-0.02974732705194598,0.002094598033603728,-0.003240578474590631,-0.005726211911809527,-0.03927611639983579,-0.05985679856071636,-0.006977550809370995,-0.007528566960203435,-0.0055341954365083785,-0.009806216824739193,-0.016664183618292472,-0.005334637594178342,-0.01229006484302928,-0.005501221991246043,0.044171188167169,0.000821997829912515,-0.009201588103950975,-0.022329400504718485,-0.00861809757869905,-0.15446060063418454,0.01922333389409756,-0.003499431139194424,-0.012661444952036114,-0.03960602334458696,-0.15684402378279322,-0.020902041861992546,-0.011430587294526019,0.012746905237485345,-0.025908254879027984,0.0028780071893956005,-0.018533527941136396,-0.06836433033113516,0.0010435745280356736,-0.004207223859728001,-0.03246407044071092,-0.004268767787271937,0.09820124749520419,0.01645073508673296,-0.005563502025802836,-0.0008056738725050546,0.00047454297842145903,0.007126066924315055,0.0075157099448770305
53033026101,0.01528602212966144,-0.013717647390512951,0.01332187202846155,-0.0024535947592202456,-0.0031667227790748587,-0.018702389254686157,-0.006917801387198959,0.01198857039254396,-0.009930029859459942,-0.019858983258334142,-0.013731164143678603,-0.0023114614904271454,-0.02798659986176285,-0.021257864098367642,-0.011372877677979018,-0.013756924670171514,-0.08001980298832036,-0.013913817984585726,0.011294199147237515,-0.06895165160826204,-0.1649586818078421,-0.02737287565100912,-0.00169947767355095,0.014486535094075697,0.01830507530443162,0.012445012334192523,0.22432332014411432,0.019173867269273347,0.015058226747992835,-0.0037557477659838326,0.0032060231734846833,-0.008644023706911119,-0.006066719773891999,-0.009735316278695713,-0.004254804318002225,-0.007440551054289939,0.001916329767589082,-0.007461177493684585,0.026409011252700232,-0.006886405082775402,0.059400583086937554,-0.01826177203300941,0.0071914012514167555,-0.011801716594520827,-0.024771439819833593,-0.06826814356430431,0.01440476013942948,-0.03914775284238416,0.0004931268112224731,-0.028365181755698094,-0.004305709294575216,-0.014701329303633567,-0.041952687642391955,-0.007672557564130552,-0.013939702387758988,0.025844501282556973,-0.009549786507293488,0.15749211969240678,-0.017235738734885257,0.005863617978014606,-0.01346881537770652,-0.008377852234279596,-0.005767747412169026,-0.062327397054463426
53033003202,0.0010853200584979605,-0.004204223168789824,0.03166462416553752,-0.002023299253007877,-0.005660463460016109,0.06030941222491935,0.011459904737336678,-0.01151948493860111,-0.015876216435555986,0.10229727403914511,0.008257649841060335,0.046849655333746375,0.002931926802184863,0.03786764372127545,0.06746252176501559,-0.006319433069898778,0.0909567382113271,-0.007551435139519359,0.03272037705167808,-0.03426491353218788,-0.016674152621886748,-0.018604086929303484,-0.005577629017414661,-0.005658053315038669,0.0036499779947859533,0.08686429337810508,-0.023758408591051983,0.005732593046229291,0.0578974559762901,-0.0010351976334381239,0.021080473967526648,0.00254646435563535,0.021405391328323326,0.0059188663467594806,0.019781372783454928,0.06671831970607305,0.005477024999467367,0.006443747890107899,-0.015929926210170996,0.0019567880252592835,0.031556619189797824,0.004507394677249691,0.014507832322447192,0.029088181402152073,0.1470848789419826,-0.029829251717338308,-0.0046147185650072765,0.0063385928435095796,0.002757624551771821,0.006655800543639911,0.013258113937577008,0.04079950583683624,-0.03599906344161817,0.00812357071605622,0.015500630316861162,-0.01606301050477751,0.015239837621076335,0.4130004296560466,-0.007269443462812806,0.009103384127137173,-0.0009068579875674646,0.027105194363165105,0.028494796327844095,0.010216668847923804
53033024302,0.02418633874570086,-0.002134845909909422,-0.016392614309427737,0.002748177367953836,0.04474312337185339,0.02281952989811044,0.019100965396712813,0.023510271874760354,-0.010056922049737682,0.04429648828689222,0.007698787941843861,-0.003527080944447791,0.1524976715310352,-0.016319179029494247,0.05764217593495063,-0.021011980552331687,0.05743072003713231,0.05184521926219902,0.013161124851304386,0.3356780136673531,0.08936975892180919,-0.02047371995866107,-0.011476496602224155,0.0012560814390474612,0.00043255217749311927,0.03863141397539312,0.002781425488220388,-0.0021392088712052304,-0.010256945138328153,0.0015481232514391516,0.0062186912283894264,-0.007940249074109493,0.00571984849735974,-0.005258846751790951,0.004508922909283396,-0.07102275278470119,-0.01668939074316967,0.0031866084112662702,-0.019551741674916176,-9.382120330879703e-05,0.14841852970895605,0.00534878734445423,0.01411530691378773,-0.004287893562623702,-0.005381223048226308,0.350400283362209,0.057816898979352736,0.03817579531026509,-0.002327484685848251,0.01365979822743017,0.0044638293334879455,0.010400602202903756,0.03611042648613622,0.0019234787468962301,-5.26950456367414e-05,0.025713047283174043,0.0010900465636676509,-0.14840012931128485,0.040071479787668764,-0.0016517142475765724,0.007115716268093121,0.013100258431699752,-0.00023156542623743042,0.0140445566178053
53033003302,-0.00047209459786491355,0.007071965392549143,0.030273793498523254,-0.0001237104025866313,0.0039011178068354417,0.0011824392673431125,0.010248226473844105,-0.04043932557090869,-0.019435687259695248,-0.01266769917948303,-0.004155701196372306,0.0016376687792194267,-0.030027226206005155,0.04294604412524978,-0.006639112550830369,-0.007899171393826144,0.028007836329178568,-0.017411366200386517,0.013926901762193146,-0.055851497254789176,-0.06809286992222453,-0.022172000157640672,0.007436861044623575,0.004013215309398726,-0.00316858966214993,-0.019664554947778412,-0.03247326976625109,-0.005400362247726404,0.003988839020925735,-0.003077774862208292,0.0017306974384928824,-0.0006270921013022536,0.003989187802690892,-0.001754399325084512,-0.00943031355335328,0.07066419001805609,0.0068183569545001085,0.006925898754880647,-0.012654556257472341,-0.010260453591601798,0.020413849838254606,0.001144579924049156,-0.000984991986802122,0.009227564842810785,0.11758744730014763,-0.09668413958903023,-0.011185809320540906,-0.0280429743202299,0.00242303485399842,0.0004389559192054552,0.031016279697308788,-0.013314801629018883,0.09096878664861188,-0.0010007902910225033,-0.008429116211082006,-0.024662302321273276,0.0047469853601019235,-0.016613220001473906,-0.01356526914660365,0.011667636335975293,0.007253040246585378,0.013737581288638499,0.002853793751324257,0.01597671638598126
53033000202,-0.017174800477450826,-0.005862811769153102,-0.03308677927832367,0.0013797461560197972,-0.009326524488459031,0.022022799396727504,-0.0025309515171800614,0.002372361446227863,0.047551202058460515,0.02977620988922089,0.0003203351155395246,0.0028569998436754973,-0.05790834540881431,-0.001453678354693764,-0.008408952751983643,-0.005391243592012205,-0.07959633499002929,-0.05344753298545035,0.012547927234713346,-0.09658914402388671,-0.0036728148214326436,-0.008594898638832327,-0.0070078540593392505,-0.0012463988689750394,-0.0033465728877138004,-0.038630519637868316,-0.018858706053077417,0.0065412887334779625,0.0324662381088418,-0.002829968227729867,0.003108337738335082,0.0011942269815007059,0.0024424791790467765,-0.007609381222583531,0.0011870188151721893,0.019476349584167267,-0.00018204818028298386,-0.007254835732068796,0.02310208994592551,-0.007970228820129677,-0.14247566093269046,-0.00265285677980903,0.0038769125540499575,0.008542225460249044,-0.03306370059683354,-0.13399362647014304,-0.012610383178789496,-0.04925950753157653,0.004485658191460446,-0.09021666581843597,-0.00906389268898445,-0.011405929766174216,-0.06539937037572385,0.0013108867465451677,0.0026351565902037986,0.01516964583865991,0.005187329701565675,-0.5891790492175075,-0.01935536428944837,0.00625474256113065,0.010886407272360208,-0.0019248759497757504,-0.005805952425679988,-0.028764678180663864
53033009900,0.00015110157721906075,0.001744327719765449,-0.012685978677028033,-0.00127242546124576,0.0413164831725668,-0.0008469525315509985,0.0004578265497376393,0.02758681040349009,-0.017742154240874684,-0.013085232617592426,0.00015482508627807462,-0.00034567119621685947,0.0019368573623355422,0.0019672284045719147,0.07996213984602432,-0.0014669399430231702,0.03061433781762403,0.05064933164159797,0.032769550387743915,-0.046537469525431724,0.09934644623553289,-0.014742369227739496,0.005779040459329894,-0.004545549400290192,-0.001482215064591678,0.020720708006958022,-0.013266758498473401,0.009134561357019991,0.0003372613232295593,-0.006187671931224409,0.0008437535518992032,0.020941776014151727,0.009555359490913608,-0.004166790093806644,-0.002631973266662179,-0.07531677523775886,-0.0036455301051696054,0.010117136934033521,-0.004291014102494641,-0.0010727117491679474,0.015818013110812008,-0.0014476800145432735,-0.0012637862015480064,-0.007837102189272423,0.008124214706525277,0.015148339541912897,-0.0005061872357516382,0.020289295902403144,0.011654897205142465,0.06609908861990194,-0.01401800073679876,0.008048520268433317,0.05285429859517045,0.01774177986755306,0.021884989292795674,0.04220404463513721,0.0057526289994822,0.22437092556446853,-0.014672705088794898,0.00035769293608101007,0.002694270604451926,-0.0006665647270830943,-0.006461380456873792,0.020895112675753103
53033010200,-0.022738227025837134,-0.0016740235349777298,-0.025411252504907125,-0.0006077112844360276,0.0031473447428010527,0.018838566863874986,-0.019603225494969994,0.013954691599289179,-0.015566057668139727,-0.021419875801151695,-0.0021835233679755968,0.006412536977674231,-0.01768713813870591,-0.01847370215671267,0.052737900485863055,-0.009926915731035482,-0.06483741733123605,0.04357491439608022,-0.015855574716113485,0.19313052891526455,0.11218753415838802,-0.037190669834755156,-0.013865495551355767,0.0033037805456983226,-0.0019619717751665398,0.028725737225144057,0.16510193920280905,-0.014129487039601775,-0.0026437700518821953,-0.00435991066705799,0.005074110897369369,0.002922505432482246,0.00017598664556724557,-0.0019962235623818486,0.00483010067980061,-0.12278583639427527,0.004386727646637278,-0.003021734973924542,-0.005384370925035559,0.0064508757565770935,0.055400857735881145,-0.003662141750366449,0.0076750208700373706,0.0008141980595499835,-0.005026574166584274,0.2823031658019518,-0.0008009850003679698,0.02256000366719772,-0.01105129444454006,0.003955140063209819,0.0014237162754949068,-0.058232738442753534,-0.0403140532940625,-0.0016218513757117739,0.0010986721657427288,0.018252046114524027,0.002268752756974723,-0.17437303006588767,0.02037858412442435,-0.007620313417994516,-0.01617890890774293,-0.004784154527771248,0.00965080309387992,0.008175264918967853
53033010800,0.01599731693405526,0.019835720234341114,-0.005545929198759067,0.005731096215659986,-0.004333910698105749,-0.0012145222281220826,-0.00402104670494322,0.026003920253974105,-0.01714588358066707,-0.017218677807597733,0.0026676895632102337,0.001169220618685715,-0.02169749538617509,-0.007827523489287377,0.017070689913227813,-0.0005183909937633116,-0.025947190561907935,0.052153901441621894,0.028830477794693332,-0.050422887621245624,0.14236864315972175,-0.006684392709011579,0.0021098385230042065,0.012303818492449242,0.023436461049776685,0.021995148958051935,0.08399329143281643,0.011502871220751729,-0.007969282491136697,0.025226509291554157,0.011040130961721696,0.018648696418618996,0.010665951771770562,0.0008712198718237277,-0.00189588151537012,-0.01912001489876523,0.00856067128925185,0.0030762723041861456,0.04144132988653662,0.025187796552966314,0.0643782877961638,-0.002577039876410838,0.01802158442514316,-0.008650353210358985,-0.001484903628056976,-0.06054780103811196,0.032271532614245105,-0.011734857858165562,0.005613265883540026,0.010878256816184137,0.0019650876941975544,0.00399367489196809,-0.03446587632847635,-0.003852767529192284,0.02955467664964497,0.030545715328711733,0.013036735342364063,0.26878885890845833,-0.013886351292570018,0.010382817358759462,0.008968976223738155,-0.0031953206358603953,-0.0020177108235454595,0.025836624151024723
53033010900,-0.01289577355334718,0.005783295810355205,-0.008168999113456343,0.006318820031654838,0.003819086384998306,-0.014503476947736193,0.0006407740198607577,0.0035851711150669697,-0.008803659129913832,-0.018353908001764133,0.006637026078811589,-0.005884430116627588,-0.001701869546474478,-0.008847208421985994,0.0109581896893084,0.00582033736378586,0.052105755216570675,0.01929165383534982,-0.010575212234451181,-0.052590611797008496,-0.09354410301533625,-0.008604528452283622,-0.006533528480995758,0.0018624208639915188,-0.003381491159461698,0.0034534725881077955,-0.10100922053377666,-0.0011769819117996635,-0.005903316815051361,-0.0075970439398628424,-0.00390500124431597,-0.012741494705779356,0.009942107848818084,0.017236905362700363,-0.007969103487573214,-0.013247680386426462,-0.002953039721451477,-0.006171891852754841,-0.010498862971560847,0.007653270595470037,0.07626907462474848,-0.008757533693421887,-0.0069709508584200955,-0.01208870973521952,-0.025055036382891575,-0.09253370533569721,-0.006233069277202196,0.01982092336649478,0.0034012559083235576,0.0542760556782117,-0.002168285417854878,0.0020176581585090126,0.0589228966873123,-0.008610077519068417,0.0006090759637071468,0.03544344262326058,0.002336797281003738,0.21761736436728682,0.016297126376468227,-0.0023329010084569,-0.007810420379364816,-0.005836891147238543,0.011450142839513849,0.012747230157424225
53033022300,0.03364558079459955,0.019676957438367865,-0.021496428111395037,-0.0012031218447325312,0.008729994025992902,0.022614063806368975,-0.020755355021696554,0.010576160349617385,0.08057618283014699,-0.012653169837483479,-0.006429173146467684,0.0011836302857822266,-0.022374730384905832,-0.021956124802615773,0.04406242070743455,-0.05154187532173797,-0.11205101239186957,0.043873067082945,-0.018712367267323567,0.28949346720785396,0.13265960616091352,-0.025596129371360635,-0.03263629671140335,0.00439183416032335,-0.00314309557870479,0.024396142284208586,0.2448476371082812,-0.02850905247663437,-0.017109795972369942,-0.0032934278106744063,0.0036320858082591347,-0.002829282541878189,-0.010403667024099174,-0.001975837459731814,-0.002620692632010831,-0.1241160245083102,-0.0004995968023756209,-0.013004276721758717,-0.049553032290290754,0.002350433102760316,0.07987953138591054,-0.008706477174889541,0.0015872265741704377,-0.01656347706017166,-0.01864767723410175,0.26526671675435937,-0.010681014045254032,0.00767386774709453,-0.01696986048747792,-0.004436954843291949,-0.007647346818068376,-0.0694167069381952,-0.027459569440908185,-0.007834372350372789,-0.004281637783348324,0.019246897932185297,0.0008288388858482409,-0.17294120435417326,0.0345204735642334,-0.007852110010970316,-0.02158464522697707,-0.008467086864232008,-0.007405715218143482,0.0020967040928377523
53033011101,-0.0023472008703818684,-0.015831985335592918,0.016052288032204078,-0.00047194514962350926,0.00577756888977529,-0.045258698916870524,0.00630656101051241,-0.12110487232303001,-0.01820483579156776,-0.005841078120449071,-0.005692638964239028,-0.00552577490727435,-0.03890136004007601,0.02722097220081249,0.009888914942677705,-0.008713971375418477,0.003340053253597628,-0.018277225206562244,0.03237110670910765,-0.05990371004042205,-0.09152218133831375,-0.012239140959143958,-0.006780774020477357,-0.010042606442400919,0.0011330559541336996,-0.03359982510460386,-0.06468846994310685,0.004718715737049299,-0.006649943881981801,-0.009538704155335927,0.011900125164043573,-0.014289964355425106,0.0018003045236329787,-0.004162766907105103,-0.011414582572485007,0.03659659299056318,0.0053065397844266286,-0.01872686482520195,0.018430511620526658,-0.008416810724609427,0.08521848742415883,0.0004773619100221334,-0.0071542310512020335,-0.008325588832316887,0.07489178204234485,-0.12925718321414711,-0.018620988349712823,-0.033822061046251406,-0.0016397560138361365,-0.023452803997534778,-0.0035890097862202783,-0.02047285661092803,0.05012586391306395,0.00452461905739799,-0.004432712635659373,-0.05206169491959297,-0.0077082679321187775,0.22560693795302963,-0.0013777365609443685,-0.0020461668795909685,-0.012037008836161595,0.0032162981589237576,-0.002914435024866276,-0.05433081139397612
53033012000,-0.006273354156242896,-0.007566057386100662,0.0005964441004351725,0.004042540658962443,0.011544004611927273,0.09903555439857295,0.022758994601841116,0.0033039041658762453,0.13920351389133595,0.12314390242603356,0.009240530853617809,-0.008177609712922106,0.012058550768410167,0.02396351892766809,0.1099940749381825,0.003474460445064588,0.0569069927183538,-0.006143129842825538,0.02238247211991799,-0.027417368438929404,0.06150190202835618,-0.00385276827620593,0.04846532804572984,-0.004891574374948126,0.001871143371844241,0.13972960311486943,0.08795743297415357,0.013865229384389425,0.06007820495346824,-0.0047275732297108455,-0.005146417198941676,0.012165044135117056,0.02059226485666735,0.014982783579034247,-0.0023707814054680356,0.10280774292208598,0.006065052052743379,0.013216976251910437,0.03147396054403526,0.011105875998825208,0.1559646311576607,0.004308552002467732,0.0005618981884915815,0.3025011928501923,0.07384742333815003,-0.04253522799628364,-0.0023225046820852576,-0.036042515916123244,0.004648463780113373,0.02441385836446954,0.01928380675865743,0.02466191562789213,0.04036721274337198,-0.007992044671898705,0.001954509190013485,-0.006147910534339583,0.011617820849138826,0.4119816896168119,-0.008468047119352383,0.004109106783351284,0.011192597312288038,0.022433069411969958,-0.012620596103613657,-0.032405448669634296
53033011200,-0.015214111361162427,-0.007797148621958758,0.01406858204312346,-0.000919637492103693,-0.0029863831463957827,-0.018008403031976254,0.004907835878219996,-0.03618389075554873,-0.017337020183211437,-0.025746702216426883,0.0008490145611179813,-0.012900725655095311,0.0042059900498223725,0.01629151360304124,0.011658603977968795,-0.002820804693741748,0.0265237442134861,0.028931574708157964,-0.0026779508114444196,-0.04499984969063908,-0.09571208183558011,-0.008139155025976088,0.0035585274735473946,0.002349660288036064,-0.003396042199643302,0.01067545320696905,-0.04954737883753368,-0.0005567946108062547,-0.009504567274998986,-0.007282724569935404,-0.004843873819657051,-0.012679473808912954,0.001982053481942089,0.010078035708141347,0.00011504541906742146,0.030057691229750275,-0.00122721873406536,-0.00506444719392431,-0.0032084156315638616,-0.006335743581956665,0.005917989347146219,-0.00025354674655335706,-0.008722561267663527,-0.018106709622341288,-0.027884085711286647,-0.07733390671090229,0.009923029869688117,-0.01629051776657679,-0.0023877820412667393,0.04030556430939211,-0.005673621339629939,-0.00428023359522582,0.06905641156630613,-0.0002784991484125509,0.0013569532494822616,0.0067349582275987065,0.007101374321741585,0.24910951089684702,0.02413367473572948,-0.004104091792464424,0.004572345623382634,-0.008840817014825891,0.001960702955616122,0.01329910552659174
53033011300,0.010455980089439263,0.014145073665828487,-0.011519071275955584,0.002830188056578379,-0.002920591850655356,0.00329289885320586,0.007519452319202309,0.0027351530738990164,0.030953940687337915,-0.02422881331380607,-0.0014653357727110901,-0.001565099252060856,-0.01780074640110315,-0.012893784063062257,0.012957822614703374,-6.849844720665241e-05,-0.017244337787465376,0.05055258140540353,0.0077480897371058855,-0.06453878104387703,0.04212872369957911,-0.000420282432951649,-0.0058688267748062805,-0.0024030130555972515,0.0178687825363384,-0.024551974246111,-0.01319152651106987,0.012317623119592357,-0.010585653657430666,0.019666340613443203,0.006639618368446126,0.012457810450734512,0.002334999306986971,-0.00484115607460242,0.0016799183687792485,-0.025959450208001472,0.010213253710740415,0.0075593282330857665,0.0492186515549205,0.005002467922633359,0.051196206172622695,-0.007152082632104343,0.013161011991640216,-0.0179163087261503,-0.015915597380438663,-0.08509644319602074,0.041189157528081645,-0.030517319232597574,0.005668712766634548,0.008759040801116818,-0.0033837609874517397,0.02744507186641818,-0.04987246798465465,-0.0021384278995028936,-0.0035719770445172367,0.020830189183151732,0.022658404487023547,0.30408569887888015,-0.011556985543409665,0.006233256831275518,-0.017538473111397994,-0.00466943740792531,-0.01563724851765394,0.019451193641633887
53033012100,0.03898324067116577,0.0030433722941867205,0.0026994005559254526,0.0060186041454728815,0.00706465578507473,0.047045019756591484,0.011437818450973278,0.033235413402079646,0.01667150510939694,-0.017642901893271935,0.011521511639604593,0.010718780042194686,0.005573204493818927,0.0011260472068199882,0.09264754061449876,0.011850293176960588,0.07566282880448007,0.07283847188532667,-0.012380440349048899,0.40427704028596123,0.178838007716784,0.3138402209452421,0.0014726673451032652,0.011347065798875428,0.004679213868111698,0.05293134215959011,0.3791493582897564,0.008512216559628707,0.011452316288901311,-0.0003162486711237759,0.00433723024826541,0.014282760713431757,0.012653849544189322,-0.0036161025867472957,0.012151112362836683,0.09663354296442289,-0.0019019755658432093,-0.011246936969144231,0.10357529007423345,0.007006815848005998,0.1808868414538856,-0.005885167415396032,0.018930881705024098,-0.002190997490267262,0.0020566036322061,0.45958451837638825,0.009528038801226596,0.0525108068424026,-0.012468249229470865,0.014658209010658048,0.017467974405425434,0.025487464258165855,-0.01707120780880585,0.006211978365102386,-0.0030983821073834058,0.0255963197920843,0.0010048165224404461,-0.15076552194278886,0.0046958443218498725,0.014100701431524304,0.008944824100533962,-0.0050421046041519485,0.006046553395613339,0.009695903813137062
53033020900,-0.004942699746425641,0.032287920281712304,-0.004604484129302222,0.0030960623052715417,0.0002736170870036774,0.027276262319229992,0.004347656795742891,0.022266168443356896,0.10269239919976536,-0.012001786492678287,-0.0047223021725149835,-0.004951691648732441,0.008199194353913019,-0.014072214509741127,0.04802290079235907,-0.009877740617100447,-0.06763095229205522,0.06264811396492244,0.032219555704872754,0.3896246861392782,0.1594786766095647,-0.027965791737961744,-0.008082428800785267,0.00539557154216848,0.023242138101413186,0.0404487472124823,0.35460989554129624,0.00486948634439115,-0.014135215127588157,-0.004558019863609301,0.005825223548709944,0.005648507978193201,0.005219566524915542,0.0026754272898799774,0.007914840936487312,-0.0702185600494568,0.0028895518917595392,-0.009075691235624909,0.07868411385615752,-0.007179906786943867,0.11055954455140789,-0.0024952740888617582,0.005956575697725274,-0.003573997039201438,-0.00503302531998422,0.29590531464771785,0.052395303858581266,0.03287747254422514,0.015778267832161158,0.006508487486234078,-0.005946514369055179,-0.039060566231349965,0.004551697685815072,-0.0030750044229570866,-0.002473512214685075,0.02087640576492115,0.014708112225033843,-0.1561318800261212,0.04677169185235745,0.038548463334390826,0.004906818064372166,-0.004603043520382243,-0.0015627414770248333,0.0064450266222146006
53033011500,-0.006074150039298586,-0.008548438252124237,0.0025874483410260308,0.00667573197442367,0.016091905736326167,0.10456462500406313,0.019540752728730574,-0.030226138206076822,0.11027137022655843,0.1330302940386597,0.008014789891265655,-0.0011401069742687155,0.01685004200924274,0.03564906125572256,0.05701671015044268,0.0067572550122315085,0.1000348370533431,0.0021293105307517925,0.03978414113643584,-0.03976595930857949,-0.009250422195831028,-0.018306036109285675,0.07455929056003527,-0.001178080318327273,0.005366076642311931,0.16290712461349727,-0.02768571976138862,0.00964299860839452,0.08597967305194595,0.016850170875296645,0.011749117480788112,0.019390093831399634,0.03193709736923507,0.009485299714913702,-0.007701250365571995,0.08360121086939615,0.01587309972053863,0.024596431586804884,0.0370333965762631,0.016838681050364596,0.19173459126370623,0.005320417429179055,0.016691939156309153,0.37321217103441684,0.10810646681632786,-0.0024633941928244767,-0.0018485519256099783,0.07336134664764533,7.840923098654649e-05,0.019942464388881174,0.01757675362422548,0.04514760962151758,-0.020072330078920734,0.0075649667954611356,-0.001291429816812744,-0.02159303811528674,0.008549685589276905,0.5172806449126802,-0.007181546966196172,0.006775835713839315,-0.0005480936150876657,0.029880978667757047,0.0275660776527347,-0.023834961375618094
53033021300,-0.015985127510264912,-0.005150947075103789,-0.0303705832543242,-0.0031753743765775616,-0.024783924557840606,0.022300580549482876,-0.02025136735553754,0.009598643183117001,-0.008063849973662223,-0.01721273953486853,-0.011746525937638237,0.0013872628901212924,-0.029310410842938023,-0.03124002837332925,0.02685521678715872,-0.004914896218148824,-0.12353036256374829,0.03171569610626242,-0.01398215621297631,-0.08791751045337033,-0.19609088268538138,-0.0263127020836598,0.0030574761125483196,0.0029419348573903495,-0.008152912397328623,0.007776851512338924,-0.05762210829537386,-0.0077329378021584235,0.004679869312698801,-0.009398175264237977,0.004032376621923931,0.0023430225156369174,0.008394846588489688,-0.007159102854303012,-0.000676245132702309,-0.24299301892602765,-6.0856189698279845e-05,-0.003102154319517435,-0.02665990780146159,0.009590882622756605,0.01607165142411332,-0.005006949981701583,0.001150858015674107,0.021596749062656385,-0.017831623241923843,0.12843915920199506,-0.027042359375558846,-0.0023607480499644204,-0.013136947477974153,-0.08126304762773623,-0.012564489466508268,-0.01436036089498114,-0.07810442556816155,-0.0031833060370786304,-0.0010003474730936588,0.010243711311477645,0.003069344069502498,-0.31033140960911576,-0.042853922266469294,-0.015163866236903368,-0.020953269135760292,-0.0009551386481872725,-0.00921944206619342,0.004617900292009462
53033011700,0.005899422263074565,-0.012454797190362023,-0.00021432972180611607,0.0018257699146690873,-0.0039832647335317755,-0.041814267245468974,-0.008398336085831135,0.0064439021323570485,-0.024162294934776854,-0.018684003113669696,-0.008599345100688929,-0.00770577731208515,-0.033840092861508526,-0.018774332858961323,-0.008176991808938334,-0.0069148227840420415,-0.048010551478123845,0.012882461521385107,0.017523601924228582,-0.07314714280291319,-0.14612088305652193,-0.014071515779332237,-0.0030108222649451685,-0.008652107853151994,0.016346506738389853,0.0019436834759682154,0.06735062062226906,0.008710499466350375,-0.004206302141984484,-0.005791982467006866,0.0046474523420541375,-0.003953552915217739,0.003563815797658941,-0.002225818556927953,9.682088469090645e-05,0.02457068001335893,0.005333582118496375,0.00022861778322374798,0.028511105566873418,-0.003985477339491629,0.05948008760352981,-0.016545310111956275,-0.00060248890776339,-0.014447540019518437,-0.01846498071060448,-0.10895664869435895,0.024634087073050467,-0.021453772941901872,0.004564313562116067,0.0005971026840309654,-0.008155551135763354,-0.015316156219762742,-0.052551179721991755,-0.005008929773274306,-0.012028747084748938,0.02481668000219805,0.010356571464095847,0.1942251346653341,-0.005504252837840269,5.732331842688782e-05,-0.018379882302277467,-0.006471368926886025,-0.00884752571833718,-0.046837195410475284
53033022402,0.017039764944680506,-0.004324726118225384,-0.017157749501874067,-0.0015800098468551423,-0.009935593769138266,0.02308661241178365,-0.01742975573683549,0.011700176690887546,-0.033666140602554,-0.031127975218554538,0.002216874206465731,-0.0008109456964562035,0.10599612329265301,-0.03889746400541162,0.045412630214776616,-0.0007490469021930687,-0.00046662399372479304,0.030771424357048785,-0.009679547555861225,0.285098484367447,-0.2984611940411766,-0.029903398076141324,-0.018753099029772773,0.004233555927235501,-0.0130625762425468,0.011987934045286057,-0.03771997354267654,-0.0037453656867108415,0.004213636449995635,-0.001218097987850369,0.0016396268069320322,0.0025070229315431246,-0.00210316077088447,-0.0038818072708142666,0.005087836380641817,-0.10628014704899937,-0.014973996189976586,-0.003902423808158724,-0.03597594846298191,0.0015187424175055304,0.047855052557609426,0.011443359678941965,0.006356399816110508,-0.009265326351821247,-0.012317029490158905,0.24539126937913489,-0.012009349567907507,0.010677493054312488,-0.007654309048366487,-0.0066447267520785905,0.0024584252908035034,0.001121469195993307,0.047315589751585695,-0.008891541351280096,-0.004605597116050888,0.022148880373297007,-0.001530923319949498,-0.17508235249852402,-0.02467411497171671,-0.021710650705086265,-0.00017112844720579534,-0.010459458677152048,-0.0010836038976614697,0.0011693842570248574
53033006703,0.003195785090537081,-0.0025030513394289724,-0.00929877182307238,-0.0033483234374439303,0.005709258401404691,-0.010081542216375309,0.010480033898900626,0.008104912159317416,-0.016491394006220596,-0.016145785859986113,-1.8038807978138577e-05,-0.0014474852045979556,-0.01775595501977265,0.03801124443480089,-0.00021196992652837527,0.0017283003580308711,0.0049271113362976925,0.03712584954348656,0.04041106374844982,-0.05536333070356636,0.10652899430887404,-0.015708379590335594,0.006165723307393029,-0.00036774730656658676,0.041665541431203136,-0.02788888881994505,-0.05114591190099007,0.010070289968280662,0.004849672234355923,0.0217785424407838,-0.009351724909081292,0.011369806079359609,0.005737402998891058,9.343527795016281e-06,0.1031289445419946,-0.021101744522004785,0.004790847961896625,0.03263532479681619,0.04295230244790495,0.04010211336886142,-0.09269549239750174,0.0008451712724696108,0.0009999236277832006,-0.018084706565994195,-0.019094577579547828,-0.03890239810418871,0.035093684108100806,0.034811477097323844,0.002364770134962511,0.026670688342598076,0.016924936654888614,0.018609487927606347,-0.03881619199996603,0.003157089795358119,0.002838497180199049,-0.042861861226755296,0.004652313396016478,0.0015731346067403575,0.009904206031164165,0.031017114962565366,-0.006398501163286944,-0.0033744792347223393,0.006180902011904828,0.010295165192530946
53033004101,0.013176195735652601,-0.002419352810165135,-0.02679756072784063,-0.009448687861871606,-0.015380922074236096,0.0171651330100443,-0.02670032139391815,0.010147380305575875,-0.019686166692702654,-0.026563577639102796,-0.009783514534164706,-0.0027940018259373627,0.02879375232809699,-0.0368178870158829,0.03442329574980911,0.001339338190858482,-0.10536625062471301,0.02399595794133771,-0.027050257746294278,0.2285950639934937,-0.22594242221229582,-0.03341868570197908,-0.02178049671180858,-0.002672946825169581,-0.024225263361000286,0.01695059380553322,-0.057897468011343274,-0.0013970252551715186,-0.018663898092604717,9.854296617805279e-05,0.0020090653520949027,-0.010248227726394759,0.0006790887460619462,-0.005323408849554111,0.0025408525569458294,-0.2196475006606434,-0.016500847768551263,-0.014818382839534265,-0.05547701146460979,-0.003269411144690938,0.026326532586213966,0.00012650363458564586,0.007702712932509488,-0.004887005924134991,-0.010580974079106261,0.20274629097008018,-0.019359505147104612,0.00838775163278219,-0.011034163745770351,-0.016451861310087672,0.0035030353335873928,0.0009181882453732675,0.03183196061069922,-0.019306859596544438,-0.006446702664104774,0.01807120897765834,-0.001891209335979652,-0.20565400544005838,-0.04040771496555447,-0.013412451267750172,0.0075224978768461325,-0.006051646219607714,-0.0054581307007393635,0.004177107958464445
53033004702,0.0009712682078799803,0.006209576120411362,0.018403360262078478,-0.0010481821166735588,-0.0015688746192114233,-0.014767606999649092,0.015432949754514362,-0.018066900797925254,-0.014143105358514978,-0.020955821499038893,0.004673464594122578,0.03150548333261586,0.002028678410166022,0.012261928223501362,0.016986882646307818,0.012878096823078007,0.03993489923555153,-0.020727906255740548,-0.006308258009645651,-0.05211159261226004,0.03200464776834908,-0.030575098486365956,0.0015568198122550064,-0.0006412001318989015,0.000725792268025144,-0.020324930378359828,-0.022039169946822337,0.003941278537315528,-0.0036120100205346553,-0.0024357024041545237,-0.0020222049926561046,-0.006986877395351765,0.004959726047425662,0.020835397023695308,-0.0068658201201157,0.04360965743996924,0.0021858799627862673,-0.006854814515452565,-0.014184506467776315,-0.0021761468098296806,-0.14821244440131706,-0.0019718299280151136,-0.0059253820651167105,-0.013363798898447148,0.06049096888279761,-0.07830753609311847,-0.00011748924692830782,-0.001368133593814998,0.019015856831594333,0.05878863496602449,-0.002427735954072867,0.0036885390459791656,0.056094312869604715,0.0014940535824324043,0.010544270337205576,0.011031343865798154,0.005821561736887738,0.20944629045932836,0.010342759915995802,0.000554638087984539,0.009362804296900699,0.0008198703333072365,-0.008341483649187553,0.011525067174989537
53033004202,-0.02560238965186536,-0.014580469760792806,-0.006101416597815161,0.0003496922995071036,-0.010815264052182194,-0.02126871035991697,-0.01600825966482506,-0.006963534723044348,-0.00772036039006023,0.025930100934098817,-0.012269895353726391,-0.016487340926884395,-0.06297600277082883,0.020915611709747078,0.008479086293046086,-0.006894318559863085,-0.09720097195884402,-0.060885328359802204,0.006819085951456915,-0.11435717897070519,0.031959494945529826,-0.028113891901280268,-0.02498560785011238,-0.003940248660250592,-0.002576193905139261,-0.042201699523998784,-0.07189357958814893,0.004057104367808033,0.03721177418179458,0.0034348082168157937,0.00299562405029283,-0.004300110453515871,-0.0004510951159128286,-0.010097875604341534,-0.023775153062271435,0.01001303265445411,-0.001362466857353455,0.009263224361300984,0.026874611186989396,-0.009839552940369043,0.07332742183626785,-0.003319604131673627,-0.000465359691124792,0.011004002594967617,-0.02772150861434349,-0.19316220084117813,-0.029523308876447194,-0.05184735960205228,-0.0021074457568416205,-0.007291439006633401,-0.014783892315706879,-0.03833799412688365,-0.08017271454958247,-0.0034989751494255445,-0.006122183898619486,-0.018748319075060353,-0.00359700383834896,-0.6037850230273518,-0.02473157935715582,0.00047788942894049077,-0.015254735800331841,-0.003734972873128332,-2.096892905911131e-05,-0.03971482708339464
53033007503,-0.0031018813022963216,-0.0044573465488924975,0.055111087098704506,-0.0021160547845341265,0.0018805848616702458,-0.05135060096233756,-0.011800747044004292,-0.004300474396423446,-0.016219874265935522,-0.03179796790554608,0.00019414961794326607,0.030694957613802573,0.1295063376228044,-0.007054244378723017,-0.1847664515258763,0.011244089523260023,0.04786844198825768,-0.021070450493699096,0.0021787829383556685,-0.0015528989128570858,0.06966020347192046,0.0015381483883174212,-0.0005103482768201072,0.0014052792498016303,0.006762545979851997,0.01711082173438985,-0.043597420763726094,-5.656759172654522e-05,-0.00765903552512798,-0.006844860729106902,-0.009369697248560552,-0.010199609267259848,0.0072878903775107666,0.018751807575571162,-0.006262622802327355,0.039708774774728464,-0.002496917120009483,-0.010217036534479751,-0.015523301363929456,0.009498029051652184,-0.007038513551806648,0.008821465004457199,-0.021995728163252792,-0.007926412201367587,-0.018369924385660343,-0.070447708849198,-0.002285799369362517,0.05021419810068688,0.00582080143304352,0.046359408854346106,-0.00036691303241329364,0.022560113287319425,0.04896439399259363,-0.006615009743390794,0.003535923146836369,-0.05687985336255649,0.004615840473758218,0.13414270266154005,0.011956672329582486,-0.002840966222684808,-0.00165727941588845,-0.003954970834634938,0.01164272933579754,0.010978415861409102
53033026102,0.0071848843780012725,-0.01704437659358739,-0.017044949887326397,-0.005423988516788332,-0.0020797339055292885,-0.0183482189564741,-0.007398823545955006,0.006455929126666523,-0.007757346528489729,-0.02327446212686441,0.0033056381650509543,-0.006675027800343192,-0.035126488761624663,-0.01685720357309406,-0.003932423165780045,-0.006492695017837142,-0.06554119282421025,0.01876973681324629,0.011633619353850787,-0.0763439904995639,-0.15739728324640875,-0.009366345995138897,-0.0008424047018432886,-0.008099079701826538,0.012952583893947866,-0.026573585025394184,0.08977220018304331,0.003494988356709842,0.015945429575368986,0.007656020702129214,0.004179080650941732,0.0032115820821014265,-0.006012770536875828,-0.013839997836257986,-0.0034755699333883553,-0.048476698700055325,-0.007728469521310294,-0.005443986315859958,0.02751265185875462,-0.004296228297977879,0.03798417051771242,-0.011045405159069618,0.008553119696719092,0.02679855215571027,-0.03279121274763888,-0.09358660993477037,0.014631599640194292,-0.038194574350024664,0.002996600913853471,-0.008786123388075886,-0.009103443935833235,-0.030437439495220268,-0.06775109422129809,-0.007286076136903324,-0.007448980547574275,0.016274826289322916,-0.008472850100900476,0.15870204559326642,-0.03115550972146669,-0.009225612154298107,-0.02532720256149002,-0.00862477663861455,-0.011371696964833422,-0.06946519291971975
53033026700,0.02885596288377684,0.008564439027260116,-0.0001991522511740789,-0.0005261502162979047,-9.555603249553573e-05,0.05285363465304991,0.0060675747498885315,0.0249521523643074,0.07847344026036333,-0.012466200880677174,0.006416441519215575,0.005611626249594961,-0.016133684337044405,-0.0020555675680610673,0.08197310998561179,-0.008138836401761435,-0.044410403229892245,0.07073312695228759,0.001097245500208267,0.39195001318022343,0.17217562882988277,-0.02276807082318884,-0.009645877429038448,0.011833918694662432,0.03158351317480735,0.04863272112754317,0.39381253131915633,0.0132703395809976,0.007047703564395947,-0.003348184218358837,0.004817247849088397,0.004007287723396638,0.0073380281753785415,0.005186111465133885,-0.0026337646140528683,0.11881757282566803,0.00366228430655395,-0.015505370768175692,0.07731009006064017,0.00031016094462429363,0.1527885670212114,-0.005776269889089673,0.00792508019572516,-0.006223100863115998,-0.004962818449673675,0.24007767115872153,-0.002174525602426787,-0.025465558309052328,0.019542872307581904,0.0018675440332784087,-0.012218169120964668,0.0071311469515192745,-0.018099917780815516,0.009430700690188115,0.00444514564014045,0.02722701901348627,0.005030743668024063,-0.1710539265416753,0.012665628854965208,0.03259277877003719,0.004738218365941984,-0.001992356556696842,-0.0011987771633754619,0.010398529351111702
53033026500,0.002458137043794944,-0.014400060546060163,-0.02684454487086039,0.001250691731865506,0.002122387740911698,0.038772373272845176,0.006792196356095501,0.0049996411291999485,-0.012626419907369523,-0.020007924765526992,0.0009206668648261037,-0.005159057783017162,-0.020915541959169445,-0.015871661972408368,0.003398948731277866,-0.006517586449944045,0.026942569015705877,0.014112735936482636,-0.00018902481654294105,-0.05922279027192345,-0.12324412641634913,-0.0016407015717851633,-0.0053629912946958945,-0.0038051310366057807,0.0139700645731007,-0.021232302359312283,-0.04023191982024496,0.012022981346329389,-0.011246190862942963,0.014577869495278051,0.009391985131714537,-0.003194799589466873,0.0061670120548254935,-0.0002698926682585694,-0.003790580195164188,0.007374793978538037,0.013057410456715022,0.006670325084479093,0.03731843893340273,0.0004907058095232993,0.05394196006379789,-0.00011296013201543247,0.011306373122205195,-0.016010072666469706,-0.034643257931297626,-0.08644327373391464,0.021508636559388897,-0.02339639962471493,0.005218397912309483,0.0023174174967917614,-0.01008031372874397,-0.017705134823856387,-0.06268233522021452,-0.006231119141531462,-0.0027749129703308227,0.02265339264169678,-0.0012308321221427621,0.24002783234187058,0.0021572006873036968,-0.0029084740586289314,-0.01203389176563913,-0.006769994241600382,-0.01516384021873236,-0.048810594630968505
53033024500,-0.023564186594633676,0.013603201639125505,-0.0065054931083275,0.0019460488056285172,0.01927256490329649,0.02891249633217284,0.0017475376411511224,0.020396618124305283,0.09112642691310735,-0.016075197096236768,0.0024302795083607897,0.006087125941387513,0.007302619114977451,-0.002892035218397989,0.049081894672656244,-0.006081797331816757,-0.06349176982198058,0.053017768742863014,-0.009212038656200457,0.0018935528232352332,0.16143144228116763,-0.015825013312550415,0.0042385232012994226,0.004468836908516221,-0.005566285920995362,0.03478781641890823,0.342589988442124,-0.010224437806286025,-0.0099900050696583,-0.0016417715642018183,0.007256211984464777,0.004912739404579928,0.01299950122123664,0.0030795107869007166,0.01012454048310803,-0.09005469902486196,0.00280804374289892,-0.0073216029442076,0.05460226920151569,-0.0064364739841888206,0.07571167832829992,-0.00031050338764277975,0.004249170643952719,0.013628663529239575,-0.0046733040558405315,0.3640801610248862,0.023698051319538702,0.008613059629890367,0.002903792718412638,0.011500734704904082,-0.004453377731076304,-0.040029769768112004,-0.025689373460653014,0.003148322529846402,0.003854645833633039,0.023094245313297325,0.011824083014741782,-0.18428700673899587,0.04284366874821405,0.012267130556225178,0.008783519207911074,6.336115297832827e-05,0.01392848806922716,0.009923733889760993
53033024601,-0.02880004435289405,0.016854790724386743,-0.018219191685061545,0.00022328775892810807,-0.0031206364022982763,0.02181026167701551,-0.015579056907882112,0.01790697219487308,0.08480770782731646,-0.012537006106861676,-0.00558357686867511,0.0027909278870804394,-0.006213457476277606,-0.02000426638602788,0.05865972782713256,-0.03417806431166709,-0.08960487442872278,0.04589924631335386,-0.01684492051565066,0.3050474472649407,0.1351427122451065,-0.03161684263294908,-0.005560249247642965,0.005154556276879247,-0.0030259795592340027,0.0371285418754467,0.2966719044005408,-0.019395511416493535,-0.007141890531193815,-0.0025491508320840263,0.003997066115482314,0.002026457986767936,0.0005068416877592772,0.0003026036181583579,0.011837261660604403,-0.08900269416046652,0.0025595149995171055,-0.01223870430662831,0.022413943864805008,-0.008165040936881652,0.05860325899713981,-0.003646269221383269,-0.003385920317348112,0.009261453025015192,-0.004940215665500256,0.2987496430817622,0.0006569275234683425,0.02419412814704446,-0.007318815529076022,0.005616089583953733,-0.003981723673354934,-0.06366110172675173,-0.03606821534179999,0.005049605783059644,0.002600421212034234,0.02171183426206564,0.003896106242248476,-0.16937134435214132,0.028303671449763142,-0.0008306657782808167,-0.011363409821362356,-0.0029611753825956933,-6.569594427786415e-05,0.007849617151384929
53033024602,-0.025888554189506387,-0.0017434478264870782,-0.028021617420209293,-0.0031396216504522632,0.009548355134474069,0.018392185343434415,-0.02112692172900461,0.018459729762946808,-0.0058621610905532015,-0.020645019968439954,-0.004187917418973505,0.0021126014211924494,-0.019166084465415612,-0.015208361377530786,0.05548339524769955,-0.012553888640453406,-0.08419065310497768,0.04452071945898965,-0.016780268115560323,0.18085444619306887,0.12475809498600389,-0.02991550018085736,-0.01032006215305674,0.006662202839263474,0.0027159781956176796,0.025058157905398913,0.27497609545947793,-0.028286114218857492,0.0034440740013183487,-0.0005015379290452813,0.003990597879036598,0.0008070627008813525,0.0036482527820220815,-0.003993200360186939,-0.0009807204683305356,-0.1563215273531994,-0.0022544813527130207,-0.002654028810907015,-0.036245805811533936,0.011533320831489733,0.07535503612291453,-0.0048584486475066364,-0.00017548875075378177,0.0014223354766393402,-0.012246184069061567,0.2611534442666484,-0.020322929402771354,0.016288356134690086,-0.02366086758560883,-0.007454746404341979,0.0081761569730781,-0.012711651398577951,-0.03240108983058535,-0.00031183961575005485,-0.002337403430259333,0.01550200061758495,0.0037566699178975716,-0.17150373568893518,-0.012815969232628741,-0.009357225077350947,-0.019142681342626613,-0.003994524568140515,-0.003877541365272425,0.0056201403895059935
53033026001,-0.014227172513763585,-0.020897960675133956,-0.03438899752155789,-0.0019168888328407845,-0.00014730944166791693,0.033619845815008355,-0.002290920325234134,-0.003189375618874599,0.029776482291188545,-0.025717400365936914,-0.00874145902704437,-0.009054240467586733,-0.03913608457453177,0.024297389005214196,0.035312861926635845,-0.011404210022151124,0.02997082179371535,0.007482807918028224,-0.012801099124013927,-0.07519576493828875,-0.12317822900386403,-0.009772514436347668,-0.007316283995084371,-0.004803764748576604,0.010073120019211186,-0.03865634355477774,-0.020203400918750645,-0.0002204549412427248,0.023683883502527307,-0.008135446497072605,-0.0035741332077330974,-0.0037300581756049196,-0.006991813419473782,-0.016994324854316435,-0.002283962584759638,-0.07976135565942961,-0.006107985929089201,0.010976813088348993,0.02556634536409493,0.0037888803112725265,0.07389600709691915,-0.015103741891078963,0.010171470687110998,0.0035541219382248363,-0.04985736855856373,-0.10811737924791724,-0.003138300639330152,-0.046520805291624785,-0.0022838806841705152,-0.005143684349175552,0.0030744578906986525,-0.01906765757324012,-0.06570767477328966,-0.016050926226363043,-0.006108883640762936,-0.02609153282912675,-0.030234980333161226,0.18161617745538144,-0.022155094346640723,-0.008093800412187054,-0.01415690426873333,-0.00621538367536609,-0.027147548875077494,-0.06495949075675397
53033026300,-0.0011876612824506774,-0.010242966501939914,0.001168942379670614,0.0013375794133649267,-0.0025556491384262914,-0.018511968238314754,0.0029053798361850097,0.005111977826622443,-0.019051625518296207,-0.022606657797586187,0.007126421526618242,-0.0031005802670245356,-0.01471387091199684,-0.019130405573953933,0.001930346813063343,-0.011354813648867614,0.03761914559470643,0.03408336435759742,0.005275537399237687,-0.029444201141491315,-0.203274990140399,-0.01150985320717956,-0.0027156545203149843,-0.002780047682760799,-0.005368755863769664,0.008469749263640556,-0.07156191986680333,-0.004420960855921784,-0.001147208300640142,-0.009699931265132397,0.0007436241539553727,-0.009397857348917035,0.004944889759406081,-0.006476456639004401,-0.007300497846135297,-0.023242588237162045,-0.0015250036061310696,-0.004179178783843474,0.010428319184211311,0.008768307074837512,0.04617753153041116,-0.0038894144463519783,0.00014199169461684395,-0.014175226345135423,-0.020661470770715916,-0.0779377467955173,0.0185556347151612,-0.01667343933101975,-0.0019600743671725155,-0.010836849108783698,-0.005573844762170623,-0.009074471325852679,-0.06314526720677872,0.0029376017653515874,-0.002419583774629257,0.025449113902801194,0.00621392792661246,0.19895227528203413,0.006706436817982136,-0.0017999408221802114,0.006059756344801794,-0.009842244427081452,-0.008429676280781105,0.011115466101721408
53033026400,0.015706937652404742,-0.012491090639322314,-0.017451414851957926,0.004480731463353363,-0.008063616497490409,-0.012001608797285145,-0.016649004892599153,0.002944011105033759,-0.022477065033601456,-0.01856180979763388,-0.00438984079805693,-0.0011649745497036563,-0.03406573347678029,-0.007669917710293672,0.016840072912782875,-0.011454545778700373,-0.01701421388269049,0.03999014511273153,0.02134585855821955,-0.06533056889376948,0.08014290889533482,-0.004970119249823626,0.0011727190521544032,-0.01178644161608928,0.003182270470958511,0.00828735099779433,-0.0551998387380588,0.009571297007145974,-0.010822308366998849,0.020398212236840536,0.012348365873229919,0.011481116210744458,0.01050438814790055,-0.0024518804569943166,-0.012182934013621789,-0.09110500712445084,-0.0085363501388253,0.0010884967540743223,0.02547817906413514,-0.005256618327939961,0.03214494194973674,-0.0032727022903833326,-0.0023605192282254287,-0.01697236097590897,-0.02871180953935757,-0.07428547471026194,0.02484326957803142,-0.013860645750614369,0.001970741244261277,-0.0036605427201888414,-0.0003738697317761719,-0.007595527242874294,-0.05081968900575383,-0.003339828416941597,-0.004889192677730412,0.019757767586998706,0.00824694477120058,0.2536686381648062,0.008355049877797324,-0.005683960055282208,0.008530914616351509,-0.0025593602737762253,-0.008147772483752556,0.012971335787923038
53033008002,0.0001324357576189812,-0.0037262015385924325,0.039408229930886114,0.00011645033639436738,-0.005267556760898107,-0.020661702853266312,-0.007656964590925952,0.032357906291975894,-0.015663074909403274,0.06207415249774768,-0.011866557624156353,0.003890042029539331,0.17637938936727143,-0.00578377692509657,-0.10956597223434202,0.02740503401487274,0.06303798871778789,-0.019218411386593234,-0.003210703817444987,-0.04892848987432059,0.1202784086049846,-0.005912453948358108,-0.000342568934866691,0.000843018174047297,0.01786900015671499,0.02289410859138283,-0.0425998792841051,0.002910462367900254,-0.0029784924551279728,-0.0051470251079502715,0.002399198229206786,0.027050850074657195,0.011258005642571667,0.01296362905813064,0.00019170337861567412,0.1016703519228231,0.006759990949525707,0.004031771834679612,-0.009504646339183786,0.013446622279274418,0.08915472874318586,0.001899270046452759,-0.00042773788452637844,-0.004581223529060872,-0.026595549970848616,0.3100259884006117,-0.005127577426351445,0.043398287969463274,0.006590375263242539,0.060515666782958485,-0.005369915224992721,0.030249312895676148,-0.029302477282189435,-0.011654367105008867,0.005555859618827151,0.020576361055221752,0.007483475090402804,0.16611544896743105,0.0070893293924354445,-0.006715014025411665,-0.001159987003155923,-0.0017105220853113926,0.000829790720277187,0.008806873805364025
53033006000,-0.0028747042110550507,-0.011931562211274695,-0.02413540806415938,0.001867362766105084,-0.006707615675018879,-0.007018459730208438,0.022894524290463146,0.013772716513371204,-0.015901158612382622,-0.01874619714850781,-0.010136690445242524,-0.004917597789047491,-0.03305435016148045,0.029055671192664036,0.03297464272565487,-0.007143404732837924,0.01810924738295013,0.07328755225427906,0.030794473132357923,-0.044278202546455155,-0.08446515602632158,0.005252884105396146,0.0016402673233073299,-0.009640539701173494,0.007285672823570721,-0.03238062102497838,-0.07173027876353223,0.010625944795498011,-0.005234213823258858,0.007366231215380285,0.0028084694479520865,0.015899461727609147,0.016182892416061165,-0.003806515151429422,-0.010109067471725854,0.023856617088165392,0.0025094911119768627,-0.0056771147449931215,-0.011511839357127155,-0.0017271378326726508,-0.10205062986758771,-0.00022188099741567236,-0.0008895031425898949,-0.013717775779715575,-0.024086361276763536,-0.08427999363750892,0.011962470442132951,-0.012123543775344347,0.0006830916163394338,0.015781285025829418,-0.008388621692827888,-0.01220187732388878,-0.026775763788840636,-0.001848094578736713,-0.0035719628184770506,0.022969792583659113,-0.00577848135532176,0.2143778620650637,-0.009506394412880544,0.015737136080993582,0.0009139201061837515,-0.007802145773091106,-0.014535020439560647,0.013689591168443753
53033006600,0.04192739764309548,-0.006306974947963738,-0.0018692790881077515,-0.0020629766269649,0.0578477565986465,-0.018860750500511097,-0.009279481804529597,0.009517086864675102,-0.02341091674974464,-0.02831554935131276,-0.003997279028746251,0.0007611043388819373,-0.006994919812648862,0.013123766950606162,0.05315333819474402,0.0022165006281148806,0.049276486928717896,0.051873753675096786,0.009591556836809692,0.1604176025267312,0.10883404322379069,-0.03405781062961003,0.002544277794529725,-0.0045520363654666125,-0.002804199600698985,0.028556894705066335,-0.038951246261416175,0.004568460635317632,-0.0037163677149796323,-0.007786471615941936,-0.0009899018068342178,0.007539792625021722,0.00863037608352904,-0.005903664300396819,0.0010682600644342955,0.08709865439710927,0.002074969316263683,-0.006928430591059028,-0.02016642053141351,0.013914215599467107,0.047151061840133096,0.005927769980265441,-0.00782411087250236,-0.018150993082827215,0.004018065719425939,0.24647515407937262,-0.00472746333875195,0.03079450684039383,-0.00456003877811892,0.03761114036708424,-0.006017992866540073,0.01614182495903233,0.03773770550159896,0.001294562024913376,0.0018869797089362719,0.03385184544567081,0.0003197797923545158,-0.13383782235801778,0.00995428555625285,0.00022690455687707757,0.0036350586321273913,-0.003486328360864736,0.0008390235714097982,0.013799950851285773
53033000402,0.003890496197816625,0.008807563684395638,0.0004817141677359648,-0.00042756283549670685,-0.006096885114920374,0.008291364744606317,0.0014436095094147224,-0.0007733616606109485,0.003633908709650375,0.047236248099594806,0.00023475729742307715,-0.003095833969276776,-0.02387223562024276,-0.019274070829025634,0.020221216720288867,0.0001378409626831854,-0.05446893652877397,-0.020899841582482384,0.02545662092150631,-0.07167567360553383,-0.09367460237974191,0.01226427014361538,0.0055347256298378415,-0.0019577319597952904,-0.0037797022606512907,-0.019938366302591156,-0.03311323923303756,0.011484749139594222,0.054645785012615536,0.027178496001539612,0.009260248108438346,0.004699672619751874,0.0009381298966657198,0.004812648358193709,0.003754840672309784,-0.012641919129461755,0.005607039262278418,0.004528782799126642,0.042908342966806255,0.024897230519755217,0.10985891289015748,0.004357819285959999,-0.001091516398022959,-0.002540337696394707,-0.04177424306361657,-0.0683683638111106,0.004149416312232962,-0.029214297594646815,-0.00046491874374161374,-0.02497529543264767,-0.005966480494380075,-0.013254657566537062,-0.057216817335529004,0.004114344424443629,0.001336237110261045,0.006873498342062689,0.013262127879296287,-0.10931758684778481,-0.0036149350556170896,0.01648912823099146,-0.011707115128680797,0.004023773416127945,-0.007166011892218994,-0.010248606845223081
53033000500,0.03507869366987143,0.016589543694179133,0.0011974095743143402,-0.0013045440767890865,0.02116657050759212,0.04079098798069077,0.0009139210935295649,0.0256530965757454,0.09712956063669344,-0.009043012788268913,0.0026461445401217173,0.0071468473759928085,0.014436249321736889,-0.011759543448299981,0.05429362479099407,-0.02747059302785499,-0.058845202205760824,0.06968451462078205,-0.007623357345970434,0.3872414238699813,0.17145090889545636,-0.00881437654480741,-0.003012237311668735,0.006672819080637147,0.02354998453904079,0.04763797180054154,0.36944012551573335,0.011034784107321097,-0.018903997911469694,-0.00043599487439569115,0.0074656126676350834,0.005417535973748341,0.012797312477242823,0.005151089781918189,0.0005450425026302636,0.11103263047797171,0.0035398879592141714,-0.017506151802239613,0.08174284362188554,-0.007517784247655064,0.12716298616072352,-0.007003925296236042,0.01727443915717391,0.004322518318257401,-0.004261016122946905,0.40075069209439573,0.031175609333702267,0.044378358136939224,0.012363680250720674,0.005690274434110737,-0.008361481095522436,-0.01765356490719449,0.00293809050522878,0.008586406551220314,0.00554836846597239,0.02855940624769354,0.012451226461940294,-0.1498643177745152,0.01843177583975027,0.05021674799610593,0.010387074648891426,6.18376083888056e-05,-0.003025516892977307,0.00834831245689618
53033001100,-0.02579285377260325,-0.0066480664498456705,-0.03367818802118122,-0.00616355122217522,-0.010354259863425573,0.005690105145804943,-0.0036038073910256464,0.012483018588135759,0.053593891153035596,-0.014864179518571918,-0.00017138616308500252,-0.010738098282913515,-0.06036246909798751,-0.006084000821675966,-0.029145782451404968,-0.005348925320527888,-0.08471297027089283,-0.04973187413531037,-0.004494265500090468,-0.09609981901993027,0.0743639313743682,-0.015873432779767615,-0.004633109451648552,-0.004391750303792532,0.051277576589588314,-0.044395274544191836,0.07835285818774677,0.007920472125770477,-0.009059848832628097,0.016644865827809094,0.0036475524495697114,0.005358271553534411,-0.005675018911734834,-0.014568007817047736,-0.01931861599444877,0.01421035632849713,0.0008573417508735706,0.008429428544001343,0.02166593005909507,-0.0016275891471483593,-0.18131315215173455,-0.0020331463800722055,-0.0009058107481662882,-0.014236424276930951,-0.0261580553681812,-0.1598467600415596,-0.005433848720851164,-0.05605291675850986,-0.0021249909284955693,-0.13073446857824284,-0.010680770469665642,0.0019137491080787683,-0.03783146130249807,0.0002651861750936484,-0.006953494060718498,0.00727874658315104,-0.004274801837698146,-0.5120143276443727,-0.002296615490949278,0.0005416344458798862,-0.010694522682950076,-0.0025493982715282435,-0.0028163596302050254,-0.021429642956300326
53033001300,-0.018215965772943647,-0.003880271927857028,-0.04673067437214282,0.0035537399029433848,-0.012427478213020328,-0.02469994549378003,0.0038806278586972593,-0.03421971318819905,-0.01874793684432762,-0.01710573111538165,-0.00783683420942738,-0.008316107946909094,-0.05161554395699527,-0.002575646569255618,-0.02368855512664251,-0.0045865326709289165,0.015846475349645794,-0.04417337417519757,-0.015186350953065215,-0.09227804501878617,-0.0015950826456447708,-0.013049446831614782,-0.010073136298677336,-0.003519287899913237,-0.00671502732142668,-0.04045712888693261,-0.09911338303694181,-0.008632156613364262,-0.012885022339103965,0.010697525519429632,-0.003839978327538643,-0.005250076032112421,-0.000388153188041772,-0.0015991695591629424,-0.016833695967271106,0.02109532037418718,-1.658687217165397e-05,0.003726865907924914,-0.0293443153813376,-0.006708753499377847,-0.21869822410792122,-0.003748588156381973,-0.003807843254544446,-0.019878963227858083,-0.05827332967607569,-0.1609926144105293,-0.01726584153719291,-0.035152531107969176,0.002449508001533409,-0.015799209936304976,-0.015485411937491568,-0.01714119237772589,-0.08126454127528217,0.002915963269555651,-0.0067143495776441214,-0.043720390435116746,0.0030320780975836127,-0.1206667407325609,0.019542066837423485,-0.0033452709574468063,-0.001031918258678918,-0.0036363369107555218,0.006899665721714286,0.0041025068985664605
53033001500,0.03774245467155551,0.009406903134158366,-0.005736590345391047,0.001186061928717994,0.015762980079896908,0.04139514146206547,0.005018290185161175,0.027222228306513135,0.11872611461121471,-0.012578688371335125,-0.013207397484145376,-9.573728101784572e-05,0.007076528639435719,0.0023927666626719878,0.07235658399576254,-0.0004898197242449913,0.07405485004575305,0.06607125787230089,-0.003814487992135,0.07895219409205208,0.12324665022877947,-0.029342781600280032,0.000995420564205715,0.011406495069764596,0.005047188779932542,0.044044353661748185,0.40279457459881485,0.0006889883895556498,-0.010840122489985459,0.0036733204490220542,0.008768559550751084,0.010169419766378635,0.011351092006557146,0.00674324581455065,0.0005038741877568659,0.10567792867515675,0.003916887834768303,-0.00990860923279364,0.011201756537755755,0.013505576796648606,0.11786747254960808,0.0007710943769337911,0.01518796121083072,0.0022287820393275086,-0.0038207740312865925,0.32274265167236577,0.004106588740265427,0.031046259820513143,0.014790562150961056,0.03178519211818329,0.017462429956962053,0.01778675291059797,-0.02591230356505491,0.007469127430872532,0.006919575661143115,0.03162021248195314,0.014129978883094306,-0.1739157959772853,0.027049247658852266,-0.007694993850738892,0.014814656102278266,0.003654293307137068,0.0008875939680924302,0.008449175514001726
53033003500,-0.019318632131960122,-0.012175496908897191,-0.026292566465694386,0.006716341317664336,-0.017292463871995314,-0.022698332051879964,-0.0018510300499237579,-4.825337068669821e-06,0.034119360805138076,-0.01776289155338,0.0008779854642478314,-0.009657085747393601,-0.022802554297822495,0.02080526379028264,-0.005270690957176943,0.0019902985126199245,-0.07443098436825323,-0.025874167984907107,-0.010458516133470744,-0.08937290668927488,-0.09882472843000321,-0.04180423785639553,-0.0020261636578943636,-0.006081363763003142,-0.0024275458231846443,-0.0359796634226473,-0.04690209775419824,0.00026800271274006926,-0.011736216275332823,0.015022495061937606,0.0009171144536170589,-0.0026109569418140384,-0.004700184907549703,0.0029655804687871556,-0.016086752635608697,0.027793067189920403,0.00037159738711692677,0.0013343687103634422,-0.01167817954318429,-0.000980253506483541,-0.07341290119413932,-0.0013277940641947957,-0.0013461061359572827,-0.015825989736653747,-0.004156437672831759,-0.12730116433136784,-0.0032717811472916573,-0.03910906139431294,0.002319934301873397,-0.006227302728373966,-0.015386525582715664,0.013955133730710641,-0.10776200058038721,0.0008227386424709212,-0.004826364057924482,-0.02090906813666279,-0.00865832266878744,-0.15757321801634847,-0.019839694838080915,0.0029533555122754356,-0.01744753120462797,-0.001955912465562351,-0.009599891609926154,0.004766017140430399
53033004000,0.011790765787187055,-0.0069906339359857034,-0.02060953159849243,-0.0038545612010566772,-0.008561692262034574,0.022537869219663418,0.012678469521651777,0.0018578377811437042,-0.0249883551202816,0.02532907551830219,-0.022361811523591967,4.358742167042759e-05,0.004512355511742936,-0.03346810970054606,0.03838918816699402,-0.0005939371789548878,-0.12234845588226895,0.021553316526163258,-0.017263787417040516,-0.010569070728053133,-0.36537287715965966,-0.03244521895245893,-0.004951879884651839,-0.0042699026493165865,-0.0041729907381814375,0.006313849211699587,-0.09418998844708464,-0.011655738738993391,-0.017597866437120965,-0.012264422223752522,0.004240288784103979,0.0018810182496811919,-0.0016409637202227934,0.0006191907344920785,0.0013080479188713535,-0.2261641126744364,-0.015210958598638151,-0.006710353952358992,-0.031744722937943816,0.0015299834900862873,0.0901626881769625,-0.011994142961016025,0.001897791958317006,-0.021531833312447707,-0.022122995437512376,0.09700596143300586,-0.030694101341142043,0.007587100893995153,-0.007953031922431207,-0.006558316018109683,-0.010774004096534246,-0.008973109967162959,-0.08586556017544998,-0.02852209370963061,-0.0022043221221285233,0.01713953718658883,0.001419191661702305,-0.26696690445121574,-0.0429206673460124,-0.017264057185403525,-0.0072878997675306515,-0.0071499781077753715,0.003508879616926799,0.00420589732176729
53033003400,-0.018564572730814705,0.008014499772837035,0.021534087899505373,-9.529142696983491e-05,-0.018137047122545595,-0.038271454538215906,0.032979224864234095,-0.0006322580435893324,-0.02348522657923153,0.02907164738114745,0.0023295088739561836,-0.008421132498004755,-0.03092435678881376,0.0323168040928734,0.0338889496437325,-0.010118038284059022,0.03637420172120015,-0.030098861014835967,0.0021700311731638476,0.07808991693976212,-0.11774789941020886,-0.021137689744076465,-0.011230486492232888,-0.0008940642732759774,-0.006231736538641198,0.05128648329392287,-0.06157367133884688,-0.0048667136346410645,-0.007451514207343256,0.0021958703033604196,0.0013004606459661701,-0.008438758064724236,0.00025945807252487544,0.004393385074555229,-0.013618948175588029,0.05689047901170856,0.0014734755551690524,-0.005741491157672125,-0.019955975892424073,-0.008470982268185575,0.0753470333898758,0.00985147355417911,-0.0005459729544125539,-0.0035628786778849533,0.08299862004430109,-0.12638572778124374,-0.004306180460844617,-0.01071647982565008,-0.0024576688977668497,0.0005654487225273106,0.012445980582967059,-0.013089875747966932,-0.06147202807655846,0.0012621574814713236,-0.016694700751439057,0.014598874792904674,-0.010196657706796097,-0.1690746339717009,-0.008518300569708183,0.015394264508957825,-0.0020524030859196654,0.006255806629260793,-0.017625963841706522,0.01269853856477813
53033004500,-0.015325969422797603,-0.005913380336512191,-0.017495167295625794,0.0009471885009025485,-0.011907920730065982,-0.007468185716938389,-0.0032312972123604232,-0.07109080688845257,0.001693694918402635,-0.014913788831468256,0.002857213224612651,-0.011472125890029564,-0.04849527593106887,0.024430298173397664,-0.01639801455401587,0.00027324226102733124,-0.029396133268787976,-0.03180599123870196,-0.011393771352034777,-0.08082186582104599,-0.043780263966873595,-0.02474546678919892,0.009966206992862211,0.0032205460462134696,-0.002391087896631048,-0.03549774784962059,-0.08965290967692217,-0.0022987286968684834,-0.01270534248215406,0.018426659608790735,-0.0030552877563038167,-0.002064861815585924,0.00043589275219021615,0.0003713374194671841,-0.014578179335424808,0.02693959861132455,0.0018851688905855734,-0.0005558324645418813,-0.01967399664752335,-0.01571706307791928,-0.150582480832816,-0.00033703103917863354,-0.0008552232096116248,-0.01487488971866264,0.057378003922695486,-0.1476012406483208,-0.009792036679887012,-0.03150365537491566,0.0009358832958544685,-0.011244019470004163,0.02025620094155367,-0.00770985232669333,0.055276486125219564,0.005450223113461786,0.0007315387075675606,-0.031549946841631496,-0.008110339290824758,-0.3869799042272887,-0.014884487569039023,0.0101532396511141,-0.0008322237028042074,-0.003112900574504916,0.004344360889712314,0.006418583786639985
53033004800,-0.013868156313091894,-0.011893718730694723,0.031220651293436926,0.0008441042644088573,-0.013577685818340122,-0.03867057635147071,0.03553929937688982,0.00020059861281796217,-0.025207642665911988,-0.014349270661707228,-0.006320132187553205,-0.006250340000056716,-0.026711036278622112,0.02510474738455728,0.014745249718665466,-0.012122981351056706,0.029519383471254126,-0.030720483164059023,0.008843497250851737,0.03210865358472747,-0.1295122421446363,-0.02085907547510592,0.0022270407881423734,-0.00013961168150122564,-0.0005504195396423196,-0.01759000277093575,-0.04544984710592104,-0.008646033535568339,-0.013324524108145087,-0.005558577223054578,-0.009946661582419074,-0.008120372054501803,-0.007197016581528738,-0.0021140120898932766,-0.011787151922419007,0.06415611157596446,0.004473857143228777,-0.009971491079311228,-0.01519778164931349,-0.01148388051978516,0.05911985764336536,0.008496790876752338,-0.004905248855963499,-0.016806401139282782,0.03732346421682461,-0.10168444450978392,0.002417110530770701,-0.005694924050287736,-0.000791888640741083,0.01421698275363888,-0.004100574775893032,-0.004342352807078603,-0.07745450600996147,-0.0034362694932831344,-0.01446230632495318,0.023732224670479526,-0.014899252243713213,-0.05713496339454585,-0.013218644338195334,0.028126553898438416,0.0003278808572643326,-0.0014847607251069629,-0.018799567803965845,0.008810233734720202
53033008200,5.776497196757611e-06,-0.004579362374137188,0.04064800942950166,-0.0038668319645476876,-0.0027266846840618337,-0.009641715735276167,-0.007822957923777797,0.026504608049750796,-0.010171702174908686,0.07063663290700155,0.0037232485431244137,0.01745963649641286,0.19300673197102136,-0.0011051434159313688,-0.08922192903067064,0.023942972423889507,0.0656240317399834,0.047054548762346764,0.021025054210126234,-0.04463335108203944,0.11649703088599532,0.0008254153867490225,0.003995293170826839,0.006277224746396667,0.017492922392464503,0.0300730635386471,-0.04127968459785848,-0.001276205169440209,0.0006269769363527259,-0.0009669747829144396,0.000430874931298157,0.025554067004522125,0.012355349735687823,0.004713298244081953,0.002212369526457013,0.08591682794379649,0.004773519345271167,0.04102172752125743,-0.014009493710935822,-0.0008949836601178053,-0.009378961784852709,0.010682854692533965,0.009641843241831372,-0.0045125044024036595,0.017994401644753726,0.3226558271963638,0.08027327794888112,0.044635254652710364,0.011106673760163815,0.05223176364809046,0.008738075516955827,0.014324665197138448,0.005442352695871128,0.001345196355277349,0.0006270792882109529,0.021883901205776397,0.005848598134768647,0.17229871397653357,0.00814544842716416,-0.00561046365995348,-0.0035415298296181353,0.00188048110839932,0.011234999981519249,0.00903677401370731
53033008300,-0.002611086999461385,-0.003248231339705784,0.037802607348534335,0.0005285851428456972,-0.005421251277517427,-0.022753791043481894,-0.012492741863651666,0.03281625420232192,-0.011373878730687119,0.06562258659941028,0.0028049150839009563,0.01866972471903102,0.1837835241106051,-0.0019165533889328225,-0.10328088244910756,0.01824150805933889,0.06456258568775164,0.00110061487933394,0.012220465867383935,-0.04190383564057181,0.09905766301618185,-0.0019020120839576486,0.0004158387229132235,0.0014165478752099147,0.018656795768773715,0.021334446440600185,-0.05020142848006692,-0.00037469815565535056,-0.0026396075736309556,-0.0018175488324181591,0.0010842511595563092,0.029910222321412317,0.0022309163993102896,0.014573281749990043,-0.0033430846105134667,0.09674014876197438,0.002156430749638879,0.007343417904964512,-0.010998855761403697,0.009797757231956764,0.06184212781343384,0.005123236657691734,0.00011465106804296935,-0.008222554537139978,0.0027426626702466554,0.26117165014415683,-0.005265999627792169,0.05071753916038443,0.006761530087689178,0.05465634120350437,0.0048683418119859255,0.02510315721140119,0.03385766472349793,0.0025541266408755357,-0.0004760170289298123,0.0005872692374234796,0.007327854849460561,0.17392970376591577,0.009017923116318419,-0.003981982661267443,0.0010855371479758227,0.0008589432063981497,0.004837867143918869,0.011320378535671949
53033008500,0.003016703449924381,-0.002844624974293785,0.0414330896927504,0.0005786825603008965,0.0013237409904537445,-0.007818341232473257,-0.011235215370322273,0.03734769330438025,-0.009319769011305929,0.07286512585975241,-0.0009671595622727637,0.013431646502295,0.20444140246711714,6.196867759655127e-05,-0.1033385530028477,0.029247211981088126,0.07145428797319822,0.008495420941492703,-0.0025105797999001272,-0.0362128205669428,0.1091574344145406,0.0126601832598108,0.001047772124414983,0.00091819914622467,0.02658023826411527,0.034122113166360726,-0.04666509525630747,0.0033442144890088172,-0.0025638445106545885,-0.0008517739945965212,0.0029474804485492487,0.02997911355919713,0.01268264851726243,0.011530229642753215,-0.000460000636892521,0.11246201541636269,0.004265557739585146,0.03849263548337785,-0.011618867374527718,0.003913035447938436,0.08451785956234704,0.00028752454679761087,-0.0012669321996670619,-0.006977328762622542,0.002580881031679954,0.22407043705419416,0.02359743950062108,0.04944219748140279,0.010474380278232292,0.05742911217919224,0.011055391406504002,0.03613742989413669,-0.02533269995241398,0.0011810774345449681,0.0030256331092827337,0.00078455715532438,0.009086617542164018,0.20463766751039558,0.022046209761986364,-0.008709043092323045,0.0019728708619930107,0.006184335829966114,-0.0009672759575748452,0.013197424245270423
53033008700,0.0020092804909018426,0.003594500595973466,0.03360585453037934,-6.322410513034066e-05,-0.004627616190002874,-0.013318845683310133,0.002828326066198195,-0.05440671884233916,-0.01677560554033748,-0.022844254928063707,0.007237102819569373,0.047950595492930896,-0.01605998304407013,0.016382032124536205,0.009616044796246944,-0.009489853920356709,0.016685466596135696,-0.016276874453826178,-0.006083971653960018,-0.04837665335848866,-0.05676230449988159,-0.027158987474407276,0.0018628812471424606,0.003173441160629629,-0.001358293263962205,-0.022276333389341044,-0.04403279033541981,-0.004316711004488135,-0.0017203702271405977,-0.001497757174031718,-0.0009388632225159322,-0.005595212340906452,0.010597014181439027,-0.0063240863237704285,0.04052796722238256,0.04841577848375286,0.003433954787159414,-0.005482643901672952,-0.005674376409833375,-0.0005515172445483843,-0.11614746642085953,0.018784004820271007,-0.002538221174143214,-0.016803132231954867,0.08614530508022246,-0.09954674363190845,-0.015839339592576007,-0.02176039453900795,0.00295958944846832,0.019721652485753586,0.023716548964306933,0.0039811164711203075,0.07562774688159789,0.009642840911392864,0.0031346041273398613,-0.006985712657964743,-0.004290895406785317,0.25427999065389967,-0.010384964545750091,0.005004448343071257,0.006632268829326509,0.009127727098682566,0.019223465885335782,0.013452999115928177
53033008800,-0.011066981856884508,-0.010390343443641087,-0.0007867737986236729,-0.0010637782693699257,-0.008302100734451083,-0.018051066868953646,0.0069206079663113665,-0.009187021433763215,-0.013667603558721394,-0.01453566605923917,0.006682483125646772,-0.013348670984774486,-0.021288347752946527,0.030777930656710663,0.0034683290095464223,-0.00011590871387256764,-0.01792955963360109,-0.023457646596842813,-0.006331302456110041,-0.05479629674349162,-0.05176586836765333,-0.033261545390680804,0.005975621010537,0.0028362694429357057,-0.0008495184410518994,-0.02242456547419732,-0.03485248209067656,-0.0018508280265814127,-0.00915213373124414,-0.002389050739172643,0.0043520758791695145,0.00044191865765435564,0.004194428472178872,0.0036774090450634963,0.10706323730514938,0.030520797069759804,0.005444751350681907,-0.008508431599472345,-0.006617914413105019,0.0042441238029318155,-0.04143335014518836,0.006069158849378166,-0.0017578947402969404,-0.009194615158671638,0.10581258073818248,-0.10668490323138152,-0.006244290343736805,-0.019278278143475058,0.0017030076479280368,0.00921723080799606,0.02911398113539671,0.021384224835705304,0.14552020999010704,0.008675352042814359,-0.0012405592719517465,-0.01692605068681484,0.028139206863182543,0.03153796042623524,-0.009853159910684639,0.000716676067511301,0.010398502650146926,-0.0015514754350530067,0.0012335108330954413,0.013894668664126099
53033008900,0.003994082275319932,-0.0007799845953181748,-0.030174708992158256,-3.3246248571377335e-05,0.006968321880653238,0.02237459380218229,0.020743598468619007,0.02027445258757572,-0.019418728527399558,-0.02011873539655989,0.009584726127368624,0.0016828942015905553,-0.022949614228558093,0.004885787491838786,0.058491231795195615,-0.00022056125141768995,0.06196038209474783,0.04786434548786711,-0.01986106254813136,-0.06163353222025314,0.10055729135196731,-0.022679314788680103,0.01119880230889223,0.00599828097578325,0.001480573176810434,0.03129907391878223,-0.03894166605713533,-0.002445118768886218,0.00023954298839630296,-0.0001092169374266188,0.007747974663213239,0.00691649590041089,0.01738901483363809,0.0007008213321006977,0.006104283017361717,-0.092245683669679,-0.0013276013254961694,0.01716205140639441,-0.012042998078795867,0.01101158466759378,0.06888295714506919,0.006544916967582661,0.013084213764310784,-0.013052131771396065,-0.006129217945329931,0.31902740188361384,-0.0018761033808047183,0.03706206581159742,-0.012447119017213912,0.005879315058402803,0.013190848764292539,0.013890932541078873,0.06756078769967522,0.008198672717336333,-0.0013440523765833885,0.028726408104396767,0.0063868965623957805,-0.21523628577448065,0.010221202811041276,-0.00412459333957113,0.006874471190148544,-0.0008701690903742108,0.001036232272165364,0.008867077351965309
53033009000,0.0062482260338216425,0.010356863170888303,0.06374368976547086,0.0008754552794144752,-0.005528689895118808,-0.006256494951136166,0.006830964833006137,-0.0006827668086930876,-0.018127355709527337,-0.015028591774116178,-0.0031434931635749568,-0.005829412625888504,0.009607755288646123,0.031078219939329126,0.018675650126369927,-0.007091610039105613,0.0478482570654114,-0.010134863586905669,-0.011438493235479207,-0.04233290234155086,-0.07974097149937766,0.002383190519510529,0.0035121644179718203,0.006188092375692534,0.0015090248675177333,0.006101091275226144,-0.029285564762318424,0.004993946881726017,-0.006392571846154385,0.0020290651595709693,-0.00456337697240303,0.011213509719713157,0.00446050326449722,0.0005974925348885955,0.004398527362553854,0.054630633573575,0.005696417505672255,-0.0004140544080921573,-0.005473967572777026,0.002889756048554291,0.021069224028265512,-0.0008663894920882836,-0.00630387120068581,-0.014449143400290082,-0.02001489522395942,-0.07954843471381401,-0.0100150758506032,-0.0015001596573041968,0.005756264191074769,0.051543268483013105,-0.0019383020528584438,-0.0018794182164001288,0.0880580767512186,0.0054769149148626755,0.006700569580580757,0.005983253660905442,0.007110957948121206,0.29773707598398597,0.026354594999085393,0.009505853578329254,0.005487611201707202,-0.0004171198634225773,0.02684346147614752,0.016699383456836893
53033009100,0.00371645080157793,0.02262105238070571,0.06149057459475642,-0.0002859983516830526,0.010149054930437105,0.00040457822737928175,0.006621893616072942,0.0047962144366397765,-0.00501623945455528,0.01643493989513866,0.0005895998431907459,0.0025620341166014264,0.011520222791267314,0.0023577581636591385,0.014594181223474533,0.01332830338751909,0.07103657988874995,-0.01759917972834672,0.003162334724975201,-0.03636904938939053,0.10700180206292893,-0.024105519381680922,0.009541287704110649,0.006747901765029305,0.0016668201181154422,0.019256480487660557,-0.030463387393026103,-0.00014882329854727538,-0.0023752833913247566,0.0031887927359591853,0.00037838024456231836,0.017024430607459833,0.014604402693436908,0.017402931345122538,0.000779217274890512,0.05619739440068192,0.013002614475067176,0.0017367763976301655,-0.00979941827125486,0.01680665458568464,0.0200958223794501,0.004407556553602281,0.0047690746223245295,-0.00812903837290106,0.007325152774643563,-0.07434091044271836,-0.005979779926240907,0.0369408237016368,0.008813314207859054,0.06597686671718982,-0.004057484381551382,0.024845655843155432,0.07370249446465611,0.009998728473655093,0.01226314661069223,0.047146770472425985,0.010109989842940242,0.2782651740654968,0.015137166359949794,1.52588681148923e-05,0.013904429226123375,-0.0048350123710266465,-0.017469661029450505,0.018794698013605914
53033001000,-0.0062410502741893584,-0.010555580912233225,-0.02773475994615589,-0.0003909088379543698,-0.011892527575037596,0.0004437907952465558,-0.004107254890512379,0.0026114562116064804,0.05166955334548388,-0.016724065603994153,0.006080487892602511,-0.008615635546038837,-0.059383910152651105,-0.0274582612545607,-0.008981136438372532,-0.005912116275899683,-0.08529338058442135,0.01448798209213918,-0.012825375541634132,-0.08549592431811556,-0.09891181112778245,-0.005988016116784133,-0.02006791628962948,-0.0033877326230961633,-0.0010219763321808453,-0.03586662196484532,-0.05023814758525514,0.008215346579823918,-0.006982016714597824,0.016737289119427713,0.003080302903033301,0.006359842453445867,-0.005233506413786698,-0.009423433450459096,0.0008769617097532351,-0.02184094344738512,0.0013024879204476842,-0.006355445197561225,0.030451142387509664,-0.006663151618661338,-0.03591751528230398,-0.001828832772372032,0.0007211162257862279,-0.004731610405351357,-0.032308093586081145,-0.14871698640367417,-0.00882448203784037,-0.048647115836965314,4.993909767858995e-05,-0.0980591918888869,-0.008706547878324816,0.006725215658676501,-0.07443437961012939,0.005251893957622057,-0.0033835176249993352,-0.011791029824216061,0.004977643257329464,-0.5304587355262883,-0.027414551991565103,0.0020292524462490968,-0.013520935705430526,-0.0012605639250401948,-0.005923237739061998,0.0012597539875300974
53035990100,-0.003416303084914974,0.027152092411885848,-0.012758461179124,-0.008738171024743786,0.09001978144295585,0.031745612921862607,0.015022948120771134,0.024695757170992396,-0.007196401333258786,0.0711761983418785,0.002614487364682479,0.007287745864667258,0.18002123325343616,0.011205038015285374,0.0585747656356315,0.011289828490313682,-0.04108380625246632,0.05718916433603638,0.046564791315076744,0.3788393483628086,0.1784520956682012,0.2824221237523077,0.011942145179015788,0.007050896083345748,-0.00959952102581606,0.06099041479365488,-0.025720367289090277,0.005077685978148217,-0.005208559776943432,-0.003808334488982821,0.005452659958048636,0.007450457199329602,0.004473314749457093,0.0050879914384472065,0.003996212815423661,-0.10264280547413075,-0.013470584178476549,-0.003940754733258322,-0.014138361067274318,0.008728503314765578,0.21976752790315268,0.015771960376867067,0.017340465213412103,-0.008954734408992662,0.0039644006958515325,0.41093305706054223,0.1127002746627033,0.04535947380294738,0.0015868684923464325,0.05746274003665466,0.010370913982503324,0.02160421940494264,0.04574748990831819,0.0021639914818662813,0.011592863122368315,0.032051463262803434,-6.873945380316198e-05,-0.15816326528406077,0.06867403877127139,-0.004333723510106527,0.006250115461490151,0.020087382263032548,0.00870809752099194,0.014088955834341462
53033005305,-0.004715086343308254,-0.0037416762157918824,-0.011370678641049754,-0.0005089742038466805,0.015340842170303928,-0.06683959260996652,-0.051988158553010005,-0.009781238518819211,-0.01877966617469712,0.02041963876701924,-0.03156487739427959,-0.021004420082796856,-0.02074983910280168,-0.01781424791083416,-0.297480970745327,0.012352423017111236,0.029329013163327276,-0.018601796499250287,-0.009830562400005,-0.07153589322328865,0.034881641158286625,-0.05963864196235226,-0.014089882215771683,0.0013770741476378057,-0.004087128910102663,0.0062787398625490905,-0.051354960617439785,-0.004081183183062781,-0.008004158054735819,-0.014808712344795145,-0.028544110851786347,-0.018283481239856316,-0.009319911087453716,0.01287445274701671,-0.01920658898475404,0.03463038574673897,0.0024450734802867833,-0.015969733413594766,-0.027004249780039465,-0.0013288903423738713,-0.22428186354794433,-0.006408614550974193,-0.04986700446127173,-0.015773853809252558,-0.026215030899589646,-0.14809513326115273,-0.021704961173515138,-0.007194263820912592,-0.0038646757668560983,0.03287441177602935,-0.024482087193158822,0.004997298258324813,0.040295832185086373,-0.027948217244254107,-0.0038798662069819095,-0.09518014930331015,0.0019734030732148256,0.05237176520684084,0.015773920285881173,-0.016210397273125017,-0.00742969419914742,-0.014927888447265768,-0.024812752774706136,0.003269394443915389
53033000300,-0.016800606989278544,-0.007946163542838705,-0.0251397054341462,0.002011516176916764,-0.01407920052057142,0.019699083382479995,-0.0005497892722449037,-0.0003955682853290636,-0.002168211925213133,-0.01510931927127397,-0.000676820815034115,-0.004311442045049787,-0.057381279743044224,-0.0029080857380697064,-0.013726072065447915,0.0013670984639471096,-0.06143164469864453,0.0071543926932313194,0.004109447883203371,-0.09006970333368905,0.0289432751654744,-0.012878209641420908,-0.013854810046894603,-0.001773386050837155,-0.005697958874204431,-0.031918176006962555,-0.04073914084367543,0.0063114312484048,-0.008920471108839244,0.007987399273955125,-0.0022606151119038288,0.0016534010231044134,0.0022138357522811856,0.0016512448234340359,-0.0011557265654296206,0.022538361999797023,0.004940731476339432,-0.001065593883051126,-0.0061246147470832854,-0.0066193024111179605,-0.13085736401331216,0.00045175886436759325,0.006576578067943172,0.0013473158808752093,-0.031067466110043664,-0.13655185259420527,0.003769025244846004,-0.03868250413942309,0.009079585395715814,-0.06919920468825498,-0.008705232816484672,-0.0017781806891426553,-0.07242244580518259,0.0004913599137755925,0.007431494675673306,0.013992525423169123,0.006940979784659548,-0.4610600981582151,0.002081026658178326,0.013432940073098764,0.015551440778417918,-0.0008384846576275432,-0.002924459115749217,6.433204573248763e-05
53033000700,-0.016730726672821626,-0.012950218504885638,-0.031214853449156445,-0.0002117391316374188,-0.012724599335438937,-0.004562067860448895,-0.0033175310422636395,-0.0028803058207625843,-0.008449082230375079,-0.015331486416628532,0.0035946898963968394,-0.012290091111626003,-0.06142255333792143,-0.016201333026980295,-0.018139338705126164,-0.002325004272805305,-0.06239758499496563,-0.03646381657434494,-0.006592925102229129,-0.10253212404436955,0.0322680946194837,-0.013397574143080047,-0.02156606806901203,0.001155118553308427,-0.0015310292470662272,-0.04002211485158789,-0.04862114903082614,-0.00048179431359084005,-0.01218984016560214,0.011307610510542217,-0.0012631150287410965,0.0026876159985629905,-0.003669891478515248,0.0007239814644932535,-0.006964723218236344,0.02407099671506612,0.003509935665362988,-0.004982950738102772,-0.011430710679071561,-0.008376516106264014,-0.16189121982038385,-0.003739633979074125,0.000541121935613113,-0.01675867494168143,-0.032484585850353395,-0.17526802518775703,-0.01302739899852915,-0.04485840959467246,0.001137191417481082,-0.002461527996550132,-0.016931768040388075,-0.001432441778503137,-0.08608525960721877,-0.0007557477587437514,-0.005794788450597884,-0.023293447437005746,-0.0008315105987955251,-0.4747317443257035,-0.01832608943610392,0.004242987411542162,-0.011072643089469507,-0.002272586796255812,-0.003393461875633119,0.002241497726367633
53033000800,-0.03322389014204276,-0.012754768810419799,-0.011510166164230378,-0.005909892728039095,-0.010123971277746136,0.010502922649630455,0.002328793859860041,0.009838845115644491,0.0637581946384691,0.021665621781496162,-0.006347313007181736,-0.01107165782580408,-0.04688032641190779,-0.002110858501701691,-0.006620213823661383,-0.006359574849597132,-0.11648302559041916,-0.046686392671553376,0.01019246505693709,-0.0992020002556685,0.07372677715774117,-0.024792064619727834,-0.008213213709288923,-0.0028523393362313684,-0.0029234464909755993,0.027052126313336432,0.2694466238983625,0.0042319948482506045,0.03530077409995702,-0.0032558712360959367,0.0024875318763613167,0.008136697368469531,-0.005170584222675919,-0.022830730606676793,-0.006291840733984682,0.028921763329665912,0.001409927448695031,0.0013240627162974946,0.03201121392248431,-0.014779322229057968,-0.06362672666731853,-0.003522410699370029,-0.00678398004045633,-0.007132127952440821,-0.015939549135837748,-0.06730439074320124,-0.026649767850216576,-0.06070141092786134,0.00589581755145879,-0.14533922023320814,-0.007572150463152965,-0.01430214117105571,-0.04363948135404136,0.0037966116926612357,-0.013093747377889466,0.01958106874663445,-0.005833167477932977,-0.5260219338091496,-0.0038532328810686983,0.017433035427146828,-0.00890686025572846,-0.0017216608513305495,-0.005094908542606289,-0.029886472249459565
53033001400,0.02866543023271732,0.022182553801317822,-0.007438383846411,0.007964175881563179,-0.004367084841770621,-0.014269226631547107,0.00385502964415662,0.022632566887918457,0.08178172113355828,-0.01110465071341853,-0.0011656141599109598,0.007628872294398434,-0.028443363385826762,-0.007245184474005988,0.012001762442027015,0.012134915860040072,-0.0580972928104295,0.07171162664589721,-0.001994969634374955,-0.017232613223468276,0.1004110914682575,-0.015863895461609715,-0.010593933467138985,0.004904165244246819,0.057454094302491446,0.010337741607028182,0.1700905243441059,0.014157289216761789,-0.0019152667632419747,-0.002583946618630921,0.007779509816148255,0.017141218681256908,0.020427888505238138,-0.0025390722769859553,-0.0014579450358097807,0.07037352273257386,0.003645090326528312,0.0031252162931026165,0.046399587104754086,-0.0068107043208380826,0.12365503760966438,0.0010531887226889554,0.010854175772277957,-0.00863811573976228,-0.011706614158269964,-0.09405592785408981,0.032812627078113915,-0.022571831480795234,0.005298529213564563,0.0031573289806909864,-0.011382440168737051,0.017261045995761493,-0.039655462636803016,0.0031129153593977476,0.021378631181149525,0.028127819114146368,5.1671584574467575e-05,0.01183035029744778,-0.0007027020258673065,0.00924299966628112,0.012319874422808817,-0.0011273186249387416,-0.000996029663573586,0.02358205580964059
53033001600,0.04711945716456656,-3.1697226386230696e-05,0.0015238336679825244,0.0028227455503067873,-0.0018305175634022188,0.055363454593068455,0.012378912831740307,0.023031659757681008,0.07011861513253319,-0.01686005989294672,-0.003496650672815466,0.0063196425650321264,0.005142095362969076,0.005242306433411893,0.08267930502595863,-0.002588023386580133,0.0574894271165302,0.07080574634055115,-0.006663060429009607,0.2924245621818477,0.0761768892368094,-0.023201551668887713,-0.004256373536285577,0.0045772351564782035,-0.00448466037568257,0.036275217421837036,-0.03528753950271295,0.007330556060042109,-0.011694905963441474,-0.0012166576366664237,0.008394025234874293,0.013178411855523806,0.018159491787158547,0.005075477466045878,-0.00358739911737377,0.09020167066227863,0.0006375547166940361,0.020976383418304368,0.06724999224523318,0.0234667904232653,0.14870206165857883,-0.0006930802219216139,0.01657503855479942,0.003513792870069324,-0.017212170112305945,-0.07717848237501124,-0.009700294022213932,0.041531422868402904,0.013379574694771322,0.026464425696726492,0.02919046708422267,0.0038595818216825045,-0.04311826441757157,-0.0035141369138186425,0.013895844378752437,0.0392769125742442,0.012287907323276347,0.010332568603545958,-0.007644128581527849,0.01266419591709903,0.01467326021930815,-0.00381506328630726,-0.004441340758323004,0.022395453382425722
53033002200,-0.00035123567633142336,0.005224211303424769,-0.028437948321399443,0.0022811229053120653,-0.015279509015401935,0.03443068577064705,-0.01726903830694843,0.015654179662068207,0.09284943428022212,-0.01553486953656997,8.126252552137178e-05,0.005052568063927655,-0.032003660604460644,-0.010369202710667836,0.04181879265210018,-0.0028830772562419586,-0.08584771591635255,0.04482783087672463,-0.014502040260452445,-0.10292924005684424,0.06885305340790922,-0.019052064581099256,-0.028645295700563605,0.007625258189507119,-0.008889736232028187,0.0255915535033623,-0.08776541773616267,-0.0059167196792558885,-0.016114007673146337,-0.010609093860753545,0.0064238395112685915,0.0064135887841110404,0.007554348803519282,9.388195850539404e-05,-0.006565233066487543,-0.170029904891359,1.176488064107393e-05,-0.0037816153266017594,0.03594403464771587,0.0014163006324645867,0.036751794766863986,-0.0029597125355748564,-0.00035520514157733697,-0.010361449680158268,-0.018040525124042694,-0.08424597779876135,-0.018256894502821887,-0.002300678240872336,0.002806744314458685,-0.07236442117273703,-0.013075366835594064,-0.051290182301974824,-0.063575164842251,0.0005272493609501304,0.004627136810461516,0.01245385044840659,0.007119312172840838,-0.4943445362005912,-0.023229676451106327,-0.002122779164780796,0.005287100922807065,-0.0018626336629039247,-0.002342929846921188,0.00988606928321659
53033002800,-0.014734438965548146,-0.011759883310009468,-0.027153512861952212,-0.0051035535562283,-0.012812722225060233,0.012013152830288552,-0.007928912188859709,-0.09212933381244465,-0.013396915494351886,-0.0032507561780734553,-0.0018562960206239029,0.015486951078007086,-0.042485553970839085,0.036862964595854544,-0.013552044540305423,-0.00864611467838808,-0.02568010228421948,-0.03043021350657452,0.006134921583860175,-0.0738226211605848,-0.06616839112905709,-0.0393318275507727,-0.021465595073549695,-0.00488988240473921,-0.0025303773162147904,-0.03028220418194157,-0.10042664124982524,-0.002260492159583061,-0.009081103700778593,0.02207851157575197,0.0010018922734463885,-0.0011080187538742498,-0.002008775790778673,-0.0019600135933588747,-0.01362970492527035,0.028372894660038468,0.005991952531176509,-0.0031042842612928733,-0.025203693794939037,-0.007443441878854368,-0.17716199254562676,0.014270282260627614,-0.0017538972000281292,-0.019510371274271535,0.10035167543989591,-0.12683201325041954,-0.0114854098858454,-0.031997003138992425,0.0025807057963405156,-0.00875315403900311,0.004726168448849181,0.0026590840220989185,0.059071214071806016,-0.011672507997580574,0.0010114337872739348,-0.05032727400437463,-0.008742977629170135,-0.11039074180684962,-0.024099932790884838,0.006501336129641269,0.001622395493667831,0.010880586742793522,0.007465951089688616,0.003259314519594225
53033006500,0.03874647447017963,-0.0032149445454849133,0.008439125136221326,0.00710461363002562,-0.0016575774154381692,-0.029402275008887355,0.0033742226203609255,0.005132259558470447,0.07905005149361792,-0.009338769570120076,-0.00118687024773658,-0.0068931468808562865,-0.012372215169723476,-0.000964981766505819,-0.000944402751626794,0.010550548432411651,-0.05385279351106677,-0.03597103653824466,-0.009297746654828909,0.04600920170907007,0.17445581439692182,-0.0016157998064080595,-0.016785840117420056,-0.004616490236249139,0.053033548574513215,-0.027097255693618823,-0.0018171684176133435,0.011610342236682059,-0.011319745860608717,-0.005461816512509717,0.003666248348074363,0.017554514027063626,0.00027762612556477776,-0.001934852251986798,-0.008854230872787118,0.040055601498476985,0.009690411179609674,0.005742845091511141,0.053662278749659446,0.04904927959076829,0.1080892242615878,-0.002139297691733346,-0.003373585024876008,0.001231038290082257,-0.0289711218528145,-0.12232927792863499,-0.01915075288205709,-0.028854916486521498,0.004229532797309478,0.018954916972787027,-0.01345969779915264,0.033833146451193494,-0.04588477068997415,0.011509298834577892,-0.00444806329620933,0.03659573972430592,-0.00570494938290041,-0.010000632646492693,-0.012148087134001515,0.025066932052460283,0.00377509890597221,-0.0017842669175727466,0.0022830536130702167,-0.0001445630130321666
53033003100,-2.5451810696325843e-05,-0.009373211598286808,-0.011491551749994007,0.004442230899281524,-0.0024644742485839984,0.06962832236961941,0.001388941286806496,0.007640446122264886,0.06750964771218586,-0.010815093404530792,-0.0014634566717387466,-0.006188024967275073,0.014181740055250042,0.03576982123225583,0.07726818270987561,0.0011033818794963174,0.06282529678558434,0.05906383674004464,0.004932196652569981,0.39387138471391786,-0.14163973972733546,0.22157421204701214,-0.002775872724366807,0.02341774711159314,-0.003612088719295962,0.03833145957956902,0.15303888491510098,0.020596512419506493,0.00184113627957057,-0.0022162957878630084,0.0043603099606841856,0.006384249857451918,-0.0010084741536727148,0.008042645896553633,0.0024871672361430914,0.119795719058134,0.0036570650571336517,-0.005223455224581766,-0.010680628892851988,0.00894021843308607,0.12490947046137861,0.00028474883482969125,0.012408295893697251,0.016451233373632957,-0.02062938565774047,0.03136452279521987,0.005657273638807563,0.006738793589017682,0.009214475416677963,0.021905017876997564,0.028392703282105903,0.0024904567598540836,-0.034084753000615274,-0.003653713046953911,0.01220795236753667,0.0263929847074205,0.008141424261053791,0.01820636816809371,-0.0042287004103089285,0.015827219620599544,0.011417224338363402,-0.006899450840073504,-0.010335703431660872,0.016688151101858676
53033003900,-0.02424483651851777,-0.013955494252551513,-0.00292567167627774,-0.0009886647014779376,-0.014382602988868388,-0.04494489432951238,-0.005446690263438594,-0.01254791480340337,0.02476984163077774,0.02606009158378672,-0.011222757611795186,-0.01533099406268239,-0.03814951590726554,-0.025263861696085414,-0.02347452133060743,-0.007663191808708401,-0.08618539736333149,-0.04190984465618923,0.011448760488865423,-0.09242295616178796,-0.09797134605149202,-0.03160443212245802,0.0064636419149623125,-0.0025552486397863905,0.0011688389516755291,-0.046350452484619345,-0.06494499741956543,0.0021355793421923824,-0.008247899958637324,-0.0021529822537240794,0.0067211179752818305,-0.007253503183778473,-0.0036917410713720672,-0.0022406877642503773,-0.022614126638199446,0.03239763443841982,-0.0021483647573365973,-0.005026327953193457,0.017596813547081137,-0.011679437928942594,0.07200666616771692,-0.00718675320668243,-0.0018632440294884302,-0.01059766385221844,0.012408615787179876,-0.1865352461257408,-0.026860285946744025,-0.05014608802559366,-0.004075970108854487,-0.09952233345445262,-0.002881153953921905,0.005909566436454136,-0.07747807444964523,-0.009651972624243048,-0.011337804627313798,-0.030286265160486776,-0.012116487812218524,-0.6295612742350312,-0.025902486788549842,0.005182379189468904,-0.011691763602883832,0.006923290409568597,-0.010124380643041721,-0.029801388960535018
53033005801,-0.00034942844852378554,0.0009375950015584869,-0.01596720170484022,0.0010796560347420105,-0.0008110042721089414,-0.005104651098452288,0.009249587321435907,0.016775486638953,-0.013034837470251547,-0.016753342712130952,-0.002796315717993106,0.0024605132317446128,0.021825223451856845,0.021760185838780276,0.02895283145936259,0.020379893187579823,0.04834876641437393,0.05706306321072147,0.04629996616969851,-0.021577926393052595,0.06552499169441191,0.0016041983027630068,0.009218561646524893,0.004367108126924511,0.0010361134775619656,0.018712805360509153,-0.035483803216128505,-0.0012368655119197926,-0.002014760340201148,0.020584728153587677,0.0003622501139516396,0.020954855386346217,0.00712588872587463,0.013023899379122971,0.0007920517728174562,0.021785393059827893,0.008518381432123934,0.003420649973658443,-0.005342593456049611,0.00935086764115295,-0.0434113842464864,0.00131985793252904,-0.0018016024368200049,-0.013786926454070276,-0.019946609157119058,-0.03177760282778505,0.02155833159044367,-0.009920647219668108,0.01393698933020981,0.05271141953787531,0.00439405309141943,0.008348562561717428,0.08025286548389031,0.00872567451909224,0.010522320015319712,0.002859135905540732,0.01012415697625471,0.2881822565369493,0.030597044959515075,0.00014091322870430853,0.0049915410592018105,-0.004539615366931328,0.02107344086712694,0.017689757204001164
53033990100,-0.0018002399923883457,0.03793379773033131,-0.007558586847748764,0.010743619847239459,0.09345620156285148,0.03289832498663287,0.018413903935002956,0.03510592180301489,-0.004096252576995204,0.07712887539491203,0.0054950908960218784,0.008935824135413089,0.182817662647739,0.030162395761392118,0.0632773425349844,0.021426980636884568,-0.013375531781313217,0.06080199919342653,0.048121151394659535,0.4587053908252703,0.17762013141819116,0.32514809127050054,0.01504913053166832,0.006722305356891373,-0.0012559114982718844,0.06782880662998454,-0.024012780072556694,0.007909839751770386,0.013786483119254738,0.0010804406811751291,0.009099580969761607,0.01467959702013498,0.008569649236277382,0.004813722841621708,0.00970956461205454,-0.09464148267720587,-0.014014688260742654,0.010948363684130193,-0.008164794849574861,0.0019547116021269425,0.23510238624413796,0.025734455153660542,0.020304338172298715,-0.009816277881015294,0.008844313078670112,0.42184516326990856,0.11705739194760763,0.047835015220385184,0.004169595093861597,0.051976913267566156,0.011389229893972851,0.03212220267326304,0.04745232302784829,0.006995788092375895,0.01532858572270263,0.03162824845783222,0.00707562427649255,-0.15792104939754173,0.07454762575054624,-0.0017263643919242008,0.007928693161213451,0.02245176676130447,0.006823069249785852,0.013800112071274701
53033007700,0.002271721280234,-0.0077925520419629924,-0.022052294319097603,0.0008387792280075308,0.004135910574970479,0.008768809083778207,0.011508083070120054,-0.00460355834050097,-0.014132578706745913,-0.0072793058020235455,-0.0005515606578925296,-0.0027541373988668404,-0.020211467133582364,0.03704949712749334,0.0019795927974406713,-0.0011959526675399486,0.02176989670517891,-0.025027549450991844,-0.004101302692304181,-0.054926523518830435,0.005196421896240887,-0.007238270371740276,0.006106407811976309,0.00099740141897228,0.005949944263700847,-0.026896663738145997,-0.03599681652133134,0.003051176752883716,-0.0003396217118732701,0.011391398551562279,0.008279411153788514,0.00324001476922888,0.0012156401334935303,0.0023254985366349765,0.12791934454431478,0.029523632831879854,0.003622430154824642,0.012463760893040503,-0.004755855802167363,0.008285882201603458,-0.11943306069773005,-0.0018729124153420865,-0.0014603058478807644,-0.008909001057146999,0.09633370744728972,-0.09575973897301596,-0.005121443714597692,-0.01699892128062089,0.0008866215721747858,0.006865697912198092,0.025552876183822255,0.016173829229572168,0.12003302042088587,0.0061390352311544525,-0.001899180671587396,-0.0359196935590939,0.028748444602309606,0.004284036596675474,-0.005934389774623065,0.00996600506925991,-0.004223096955302661,-0.00044831151234210116,0.008149061657095912,0.011420702343325496
53033007600,-0.0013395305300734318,-0.0051172887724749904,0.00015642385683078763,3.242679977336467e-05,-0.005385826524923354,-0.014375849981908332,0.009136527144050072,-0.07158468385420774,-0.014778589494480906,-0.01628672264909723,0.014617128915059924,0.03998372267103383,-0.030739334414405614,0.042191536694400934,-0.008673117257614656,0.001235114178210492,0.0223613172066878,-0.03053112216625344,-0.006256971003326821,-0.05672458333366552,0.024241235598776834,-0.029796861780208305,0.006121922178309325,0.00017488335679429983,-0.008536350263852036,-0.02347244271736705,-0.0577414728580749,-0.004875981632443217,-0.0037543843876768177,-0.0037612493621218593,0.004479789505331094,-0.0006841473683823027,0.001980454296380496,0.004596536269203537,0.12602737571199868,0.05464585627743137,0.004961083571610677,0.010435594992912434,-0.01887899471708519,0.00792568453271977,-0.1338115785922304,-0.0005399720071536875,-0.00297302742212825,-0.01646517922712718,0.03676218293320262,-0.11648559304781124,-0.010984692481475376,-0.021595343288561213,-0.0008431094011038482,0.001070656328945584,0.04183338441554767,0.019137220941714356,0.10169533513510273,0.015013112910041839,0.002096209492181079,-0.04214142123829589,0.005399172746537678,-0.026900923016954813,-0.016613037493766723,0.009561025145106214,0.0035721825705177456,0.0055954879703845805,0.014817172262208857,0.005898888103037706
53033007800,-0.008760073021194005,0.0017930403462096444,-0.022821167279987144,-0.00021088908291326658,0.007120826144456653,0.02375064213625617,0.03505198249633134,0.020659114068714998,-0.011107129165472407,-0.012779662316004256,0.00692688385943677,-0.0006725549069993738,-0.009903025410037614,-0.008019220688141088,0.05408853962671326,-0.0023139257171410385,-0.04403393231550304,0.05017164350851455,-0.012365388752801834,0.01766531504968485,0.12806695019043635,-0.03188225909947082,0.0037935659957512935,0.009221099370064196,-0.00021590233802731411,0.03167639907703167,-0.001660222676644662,-0.0014748165264205622,0.009814086743492961,-0.0023028548607944765,0.006390277977923898,0.000563649776600731,0.008207498829029854,-0.0006190797863435182,0.006577404358065544,-0.14109761373109228,-0.019212530416809467,0.0049847292195376,-0.014205535699827368,0.014112184720621635,0.057642132010499246,-0.0019250692080267683,0.010980604760267026,-0.015695205620023238,-0.01036102101032077,0.32063525111658936,-0.011431167961884111,0.024762357356905004,-0.0023966757898661734,0.008239068671864028,0.02074363169472997,-0.005893918460202014,0.06804530229376024,0.01022622945010221,-0.0012354733322277691,0.03665853082783591,0.004190291231784415,-0.1908523205632383,0.05255602660227386,-0.007428772499511707,0.011355304034528202,0.004664775283795782,0.012891095327219198,0.020097511653387613
53033004600,0.012263110991382196,-0.016068733781698447,-0.019457142844545597,-0.0016482110558969961,-0.002216700354457465,0.0154252297483589,-0.01492823538200756,0.009772200163054212,-0.020921340586356568,-0.012849764034047823,0.004852325122861154,-0.006888135156459153,-0.02740000372629532,-0.031907623182590404,0.02753617415437765,-0.007171855672851,-0.1049467564893872,0.037265149026811314,-0.010234536823544279,-0.06526114279437326,-0.238719763271847,-0.024015451251397864,0.0034668380148844226,0.010812479092774984,-0.0010150997156502836,0.015537597545790628,-0.10207036714507547,-0.0039201620468574064,-0.007066654253743052,-0.008597271133465008,0.006184430252816392,0.00430776921460636,0.0026371803261750855,-0.0029793657641274986,-0.00190445533652943,-0.18494840376413246,-0.005266440547264786,-0.0010439863390609373,0.02189253642202949,0.0080238116665602,0.009479408647635967,-0.008604916203623107,0.0033714743725357437,-0.01566397486247723,-0.02041988913704347,-0.04408872317576909,-0.026423790475115512,0.014080521947685932,-0.004287822116660957,-0.11173591240055633,-0.014775002745843814,-0.0060714061344033935,-0.07143116023431616,0.003425354078351407,0.0014308465697082016,0.015523926748812242,0.004870444315278017,-0.3980007428577559,-0.041657631345097645,0.0004910610888558768,-0.023349904013103544,-0.00829505628168854,-0.0009669825796789178,0.006192498405399773
53033005000,-0.01321974826311238,0.004657823533115739,-0.006973794986603902,-0.0005248250905799093,-0.007253687380656989,-0.02470524201485783,-0.004263306600508903,-0.0353490108478288,-0.021200897139847154,-0.018678051312425933,-0.00939963874475557,-0.01908330301836844,-0.059174520648752345,0.013357393597410533,-0.029442663892822418,-0.009072504857918565,0.002772345087026873,-0.037931995445043394,-0.02202919518779751,-0.07554101494643438,-0.08557738092228286,-0.02966682165591522,0.003921151577238975,-0.0021909362112995244,-0.005811963259960217,-0.03681241170754247,-0.1513675237252314,-0.015595172798631677,-0.008763203514377498,-0.007388710429911182,-0.009271137804576432,-0.008855497513744034,-0.0038493800995457587,-0.006580257278414422,-0.016920010081412466,0.024051693233390865,0.0005078327983321074,-0.01294310611701642,-0.023144280407812787,-0.012829291283562116,-0.19774489170744783,0.011961638810802509,-0.004726459204574796,-0.020523573822031637,-0.05253782561514503,-0.15418895638509938,-0.024034344464316813,-0.03663449874846994,-0.0012438119421959543,-0.0065663674904321,-0.005646165658564476,-0.013731821478782234,0.06011086022876814,-0.007085089912641285,-0.0002304444683421555,-0.037271177793508505,-0.010980337451647096,-0.15291477585234128,-0.024558072492246577,0.0038792699211823954,-0.004502908531005895,-0.006565246265049407,-0.011830345864037093,0.005531087121867677
53033005700,0.035987231215840125,0.030638983910114166,-0.014218741839475605,0.0038327341398846923,0.0051275191908401775,0.03534638001359588,-0.009180851339059605,0.030833598676035707,0.1306881857035019,-0.009293337304357554,-0.0008009195825794134,0.0035269462616885723,0.011651454845975821,-0.012182074404725591,0.0648867172749904,-0.005156137624353565,-0.048780675101269565,0.07279008477705129,0.005757053184739302,0.22029955929078351,0.13510495002796818,-0.0125813923456791,-0.0013052089297021271,0.02922570854663849,0.03691516475055735,0.03911058596705531,0.3877430246404933,0.005991884210841962,-0.004367552810172002,-0.0028317837472263516,0.009464702653109915,0.010532492409106977,0.012566284680943483,0.00880024035513777,-0.0036164492928628805,-0.05247963816396038,0.0017979441639323134,-0.006721691645583147,0.08524991700298863,-0.006453079370818047,0.1806831479213202,-0.0033765798761030735,0.019886071056377207,-0.009162309806960844,-0.006117782861122637,0.14135059409942366,0.058443880887395896,0.018625823571108795,0.015503011558838754,0.027609599619325,-0.00993040425737214,0.008900962874176983,-0.003415292413742121,0.0025299030598010578,0.008816411553370193,0.023987537530307735,0.010922868648619601,-0.005108424519991276,0.03407406497237333,0.0025394956131684345,0.0009800823533783402,-0.002294434002825924,0.0020328956752501265,0.014159796903275564
53033006400,0.012019546595347045,-0.004548746219414709,-0.018285237585264985,0.005333571733983613,-0.008457177565426015,-0.0038134738681104997,-0.00336544527102659,0.00509485619425507,0.08259428985474188,0.02382045045526102,0.00020237837770342514,-0.0005788970608358112,-0.025139553905782194,0.02882059139628805,0.001939398007706006,-0.0020738213931636583,-0.032270444269866895,0.006719959906121761,-0.0021744303377241917,-0.06462567168162388,0.06468794397642799,-0.023993164644040558,0.006083171397771934,-0.004367957389915463,0.022662605961234653,-0.025545162400361022,-0.02723332543329421,0.008241711462970161,-0.004963131209533118,0.00802168540518222,0.00282010424247103,0.010511527274503331,0.000785281490031769,-0.0009404456575356906,0.1343007244322469,0.021446319650158887,0.0024272508689006157,0.021382363803549086,0.013574201902449968,0.04434904155852063,-0.10780270590634493,-0.005062389029935791,0.009493219892720794,-0.006976266836084325,-0.024385886557772716,-0.08975360678203192,0.014396763207315371,0.028283831498546536,-0.0015248180680607682,0.012126425672867995,0.012323858873451084,0.010556996633376411,0.1094224060777803,0.011743914140797267,-0.003302530197702212,-0.039582918167410885,0.01931834122920009,-0.06720904656781501,-0.007288198541900937,0.010316200014941485,-0.0016202941750130772,-0.001900611479938448,-0.0036441045419496674,0.011524794745544817
53033006100,0.029603211072351664,-0.012984242759809512,-0.014597330363592868,0.0005862412630517254,0.004029096833956593,0.00576368940127873,0.00254441954489968,0.010922223709111951,-0.01995419648397117,-0.03140283546492502,-0.010007982200884334,-0.003210181265025717,-0.020898450786283836,0.0026993002286261627,0.04556331335292536,0.003079632851303785,0.04283146721023849,0.051411820049709,0.029377910896035305,-0.07553067770795223,0.0740083600774419,-0.02050533211758244,0.01434930229685709,-0.0073663084940577325,-0.00435029658581546,0.024857008857830022,-0.07752953855505045,0.004823135537449451,-0.006539004452365186,-0.006330821826902509,0.004910394341247989,0.007326831385906861,0.01597771827446106,0.001274210737213828,-0.0019554978342814695,0.04919733261136524,0.00202673040434615,-0.00701080340713625,-0.02816266625451248,0.015690105479653344,-0.04452845650790612,0.016107237822775716,0.004402125467461658,-0.02074810851200725,-0.001448154885394599,0.16028519178974376,-0.008694727249843822,0.028861207246675118,0.0007780366470816235,-0.010461872561874612,-0.006887219557227888,0.008096048829008301,0.05761120182788774,0.0011106014396628152,0.006034189464129329,0.01801535652879632,0.00586598799025318,-0.218703872182361,0.01610650840025787,-0.004567275098061625,-0.01934091702156025,-0.003260244895513923,-0.00722011623734246,0.010298908870214696
53033006200,0.027015340813878904,0.019927629206770537,-0.009907075429895334,0.0011983317465342816,0.005037276621332557,0.0002039112796943839,0.0005516400867036812,0.02020791882727436,0.02606796725649036,-0.013731735230958898,0.0028558984978699032,0.006493607599944857,-0.022720417284283582,-0.011596167745219321,0.013159400451595716,-0.003375276847606794,-0.06071418658378764,0.06335374370078191,0.03772637584843411,-0.08142773976086207,0.09928344107699802,-0.02153922973900262,0.007650950210181072,0.003860826940651274,0.050116957722742245,0.026571977424697368,0.07768810200822836,0.007112105336141443,0.0024950582887333416,0.011510569586610323,0.009659545160814586,0.007044049807137407,0.014660554442515966,-0.005362204426976846,-0.003280219700047404,-0.038105490328123895,0.0036398167081513,-8.93843675342576e-05,0.047132872967247545,0.03781037738651266,-0.010607016285699598,-0.0034971817210488615,0.0050118760545764035,-0.009299146238399073,-0.008465313353445525,0.016334562361071975,0.058478532188574656,-0.0262435202991351,0.005856217191614119,0.026372457155901714,-0.011947340108890904,0.0082003189512386,-0.03511116570137302,0.011197618811868594,0.006937622802067194,0.025373299395418988,0.003538430028655608,-0.04291773851428706,0.016925553855767033,0.010763897100499605,0.006129652279264435,-0.0007504131981219453,-0.0011781553741942953,0.021504665819817675
53033006300,0.04141033468978554,0.009805423817632872,-0.024223877807515105,-0.0001539704351257177,0.1112248415968043,0.023793906783228777,0.02681541102322864,0.027696127501056322,-0.013680088872029825,-0.011376315377227665,0.005418399184820425,0.00018963433999943387,0.033435769084953076,-0.008571441483988442,0.056771897251490365,-0.0018828122274721604,-0.03804265413135982,0.05203055552400261,-0.010698047592944493,0.04548559764152736,0.1582794245209799,-0.021421477347861817,0.011824744537542654,0.010707387722594535,-0.0008814421375428499,0.031939729506221565,-0.03867275736963787,-0.0012636146288584954,0.005330697221871802,-0.00047753215081227664,0.006923866970907841,0.0033396720688116934,0.013003425595648677,-0.0017929396238192004,0.0037252395244312397,-0.16633026899427983,-0.013378886782019542,0.022340583273789242,-0.017583650970269784,0.016421096982420173,0.09815374432332225,-0.002113485898597411,0.019891874003848866,-0.0041621873205549805,-0.004512170498929855,0.3386883058943293,-0.018064684455145915,0.02346761858092474,-0.0062399662382118465,0.020542408289217832,-0.00018054488155794273,0.01643734198673311,0.08128094509276294,0.0012354019454954622,-0.001821753360514842,0.025019708627636583,0.0009660673612892195,-0.17849757235903968,-0.016015646837714878,-0.005615024970022528,0.004825577861535029,0.0002533142960553369,0.009698755457261345,0.01321035563141826
53033003000,-0.002881815153925114,-0.003590830823179252,0.03418209567611994,0.002927465072512511,-0.007900302107805091,0.017846176757357897,0.009067492279816743,0.009493352537662985,-0.009990595466987901,0.031775879377439975,0.00868945686917113,0.009588222189057092,-0.00683993437362656,0.03826207487944108,0.005854407412239234,0.002228821414880702,-0.05826825171728395,-0.013231020953934873,0.024514991057712855,-0.04043666918911237,-0.06585754082282155,-0.02265465400463371,0.002027496430088267,0.0002671970981802654,-0.0036334683714830123,0.06581076327576589,-0.02091285933267358,-0.001681289257143161,0.04810474279542965,-0.006441310723924981,0.00813999979443265,0.0072242585600143985,0.004716660973528671,0.003344961747274703,0.018898655280355454,0.06511643154081506,0.004702416292355481,0.0027357188389492974,-0.005763573117250822,-0.0015011076156330012,-0.024825695027886317,0.011407470539607686,0.003664079832088802,0.00842448001225522,0.14727940117036653,-0.07576995905599446,-0.018639059178615695,-0.015705808282191626,0.0041669828418374865,0.00990134655487057,0.026046886344278212,0.018645253930919117,0.12877062584536514,-0.001952380243874047,0.003843668162543077,-0.008330175702513841,-0.007490130972751964,-0.08331813510322225,-0.01294601140907948,0.008137488091856186,0.009868793920946863,0.017995431998547657,0.01498641381944848,0.018088567893333563
53033021100,-0.016693319501446684,-0.00407737328165114,-0.017785403334198414,-0.00018394794527891635,-0.009597394894012906,0.03373083542054628,-0.005616837749170702,0.0010646053475952915,0.022966789752019982,-0.011326428377954601,-0.0036567021646498558,-0.009196847107623413,-0.0383981590956714,-0.003212314811025379,-0.011154597734706985,-0.00043798806772879967,-0.0821362562219121,0.011522834427648058,0.019131565619875463,-0.08687410295772234,0.03309060158404656,-0.00014076183950392156,-0.013663478743397284,-0.0025096057678686535,-0.006808499374386355,-0.037044220714468924,0.158866788154592,0.006174195095176299,-0.0072302094031050914,-0.004894377396204901,0.0006168793268069314,-8.521250585207952e-06,0.001636772823835643,-0.004813825039647665,-0.00070620075996962,-0.04877239073525896,-0.002067743272274581,-0.00013392137154236386,0.022081179168445354,-0.006617899392284205,-0.04185987833879588,-0.005197000896042109,0.005574385601912027,0.0965233809909846,-0.02030174401516377,-0.11791798165940125,-0.007128395582032261,-0.051385733971641534,0.0011630258820823538,-0.11206207664891195,-0.0051591994652643814,-0.033999529068952025,-0.052459396860829656,0.0022718704099607143,0.001952582619669034,0.012224550785109011,0.010873978976159606,-0.4839913617612136,-0.027020263488161028,0.009913895316530913,0.07520011770474745,-0.0021155530002695457,-0.0023981387790612497,-0.021193846976540302
53033024200,-0.005809976510506345,-0.003840993739318379,-0.01600781232765745,-0.0013307607595579283,0.07174288145447072,0.020632647472737287,0.023689800202093072,0.019665625926189638,-0.009622899523412195,0.044390438778865116,-0.004835376830324009,0.0011034294554792096,0.14977110657712686,-0.029293612851537275,0.058551796858390695,-0.0020743744727073125,-0.05559006655040586,0.045792196952008674,-0.008855833274723465,0.3456728777560222,0.12764091536846559,-0.029524173525296533,-0.0199777273011002,-0.0003066972260059384,-0.008150372278756497,0.02694754081975585,-0.008965348662272646,-0.002181399586826117,0.0009690633720061049,-0.0016129569872175504,0.0041983725723643665,-0.0064470550425320084,0.0037983308556739544,-0.0031283780801073494,0.0062732804384011635,-0.10401092908028978,-0.015550536053154415,0.0007406963854480664,-0.03740359319584985,-0.0017661722050310565,0.16405090628517474,0.00413015429781335,0.009803891913942778,-0.00951039298067218,-0.0033383952452259074,0.3365681549967426,0.02440773957678186,0.02647485993090624,-0.005070185756559897,0.0003052477690254931,0.00500463267415003,0.0023342424781201553,0.0460052477455393,-0.016386644221143037,-0.002869370127287262,0.029392502983678924,-0.0006049337243231406,-0.1621168163011379,0.03796549233636112,-0.005473563609013784,0.006522050916431453,0.009493976354825635,0.0012343154673401173,0.015000023904914072
53033026600,0.0011469348980391208,0.017175849548265804,0.0036448502242201783,0.0008986659568275307,0.0010822970631264692,0.07529342264898937,0.006522502197943009,0.003017928855578997,-0.020023104799519024,-0.020346133506898553,0.002534961894311819,-0.00646667166075153,0.008309014777736684,0.023029703584846135,0.04949358872482302,0.00599369143938814,0.048770486920814725,0.002531705313161404,0.0033342209078150854,-0.055131229897638453,-0.06670774522017012,0.0007017613603714174,-0.015643454495250956,0.01728472065633616,0.00705899573448223,-0.027085889811667554,0.06624547443014586,0.006331721341616137,0.081059197013114,0.008343628661721472,0.005966368413313347,0.008201424637504248,0.0038283647382173283,-6.228002517665997e-05,0.0029242716068136995,0.0667515920207296,-0.0013978473041229749,0.0018696600201511431,0.032879272893060245,0.009886649517541339,0.14127691735325712,0.004008917218395328,0.010633038520711333,0.28812881073842134,0.023434221859205046,-0.056554929261945,-0.0009529970407622183,-0.025690183314355877,0.008742037293461999,0.030860595037726764,-0.007731903158178344,-0.01787937880595477,-0.04467147674852784,-0.00930791889372782,0.027281021438137383,0.021158104103318563,-0.011919801473663987,0.3264293038493773,0.009724854575125749,0.006278468777460402,-0.0029983802915219664,-0.004418670145682404,-0.016466139916036862,-0.031682196134609854
53033011102,-0.012450367007041307,-0.012143241542893195,-0.005558117908273666,-0.0017581605103229767,-0.014494640626083806,0.024350976074959518,-0.01276690491152693,0.012970563864754021,-0.02069221915039094,-0.024445635250951617,-0.005145442007947699,0.00015210095251944373,-0.029958769039387437,-0.01717140452447114,0.05212976438564841,-0.007332251988786129,0.04999360172098187,0.041973408153923544,0.03226497902004988,-0.08139777807405915,-0.1869625787075026,-0.03654034660489608,-0.011960912406320547,0.0027611142207055023,-0.0034961466599942224,0.012421254458902381,-0.04805206447793025,-0.006539178702918946,0.005692406690676835,-0.0035180767386588695,0.006497217431427686,0.0036830305858402993,0.010135010888454615,0.0018295753239606978,0.0010894221072483053,-0.12018499389516962,-0.001922947438132269,0.005685251494560074,-0.020749868931227433,0.01024869250830361,0.05588378552393103,-0.00045450618174107475,0.004262727945313209,-0.004434175532136038,-0.011592039295630146,0.19576225694220403,-0.014633616848239668,0.027446182325127737,-0.008680598608395599,-0.001480545240994751,0.019857471469633715,0.004413017191518684,0.07218261131976714,0.00823119917386144,-0.00018035554092344017,0.022448542478296467,0.0047265231086723045,-0.24455249895610148,-0.0313362240044437,-0.0022549694768157352,-0.0220901058751526,-0.0015355350167260897,-0.010476996031896812,0.008430629198815298
53033002700,-0.005097117784916667,0.0030770299244079506,-0.007866550830916409,-0.0012258444522333723,-0.00854536316760822,-0.020836759618339203,0.010245977925270657,-0.019333540582049284,-0.016351484985679652,-0.017037311495354698,-0.01819905125753158,-0.023760007316215345,-0.042451398529280676,-0.02148858087113605,-0.023791258454154158,-0.004181527698914828,0.009214975878855962,-0.043755125915815735,0.00511759571001687,-0.08265258397626521,-0.1110640065103633,-0.04937942654993208,-0.011124234728502385,-0.0041619759461680094,-0.005475037291197544,-0.027286090566187377,-0.07851109936285217,-0.007635475171418455,-0.008277212066342892,-0.008634616192839145,0.004539297005439987,-0.003854990975830118,-0.003086254844716891,0.0020352137289704154,-0.019158037363983388,0.028088012235967085,0.0022516062369288678,-0.013135823222765929,-0.012772973574906974,-0.0011527768418521738,-0.02413147107740511,-0.003857526151797764,0.01114697001288531,-0.0015650102276431876,-0.05193181843058234,-0.1545525841507785,-0.0269605882982493,-0.03980785618131263,0.0023915381726515588,-0.08058321117857244,-0.01052138368288043,-0.023352452116458037,-0.11044392390564095,-0.013662948502729049,-0.010643651610555667,-0.03501751979486251,-0.0026145177314429715,-0.15142822949678922,-0.027107166194549046,0.004285950300893745,-0.007814698264321754,-0.004404546088329301,-0.01044164909484326,-0.0408462616229293
53033010402,0.006232972695606009,-0.01170704025693632,0.018120675658759487,7.430396799983831e-05,0.003960757879512673,-0.040435652721839035,0.0034598232066086693,0.0016130367856275049,-0.018544793553103272,-0.022328908950412157,-0.011128918038774409,-0.007835690483872863,-0.04162819952970615,-0.013358404438989058,0.014105241151251688,-0.009501433009504099,0.020517165382525196,-0.03199598415659958,0.005570811814779504,-0.035009934170346875,-0.15813568009254828,-0.030359839106789997,-0.00690644194709153,-0.011256480768540333,-0.0007584739231105165,-0.03342136783445987,-0.038721590246190624,0.004560719544828498,0.034682262955796433,-0.005577366461468816,0.002479146613178811,-0.015588604302770688,-0.005448791181665791,0.0023516540349397368,-0.0012478657628364272,0.03428776908982771,-0.0009121383983352994,-0.02157475019503135,0.031679684840964346,0.0066733413437759055,0.09432642229228384,0.0007967824617317704,-0.003637786167955236,-0.011872321651240846,-0.04728370642353766,-0.135783091947432,-0.017302239398167926,-0.026291640154300733,-0.007914509213418209,0.0036951764192014003,-0.009506476463940896,-0.013994248516976835,-0.08097438917978926,0.00017640538994701094,-0.009799928156825862,0.034035239950464334,-0.018191698915335903,0.20302525484868253,-0.01711149193138184,0.008881460558633838,-0.018727683940061534,-0.005130447627052562,-0.003569189174683663,-0.06433620099108257
53033010702,0.006975070614853181,-0.012275503294127769,-0.011950976830096157,0.0023739607195072594,-0.0043990918145469,-0.009923810720491063,0.01171457296925706,0.002994910864745626,0.016180282200005898,0.010322204412706409,-0.005477749390750456,0.058429446777957576,-0.011661929588910309,0.026969827837090884,0.03227101937529479,0.009097249826373605,0.04816288544894273,-0.0014528357144414318,-0.004991785091631513,-0.04952656811919425,-0.0309188109278068,0.005492839098683571,-0.007807524664796218,0.029936804230524066,0.008243981062387143,-0.011095551566226434,-0.020099622468687624,0.016738662263813608,0.05194799589412448,0.05446204079122798,0.03047076497084654,0.01981945898162637,0.013064962796045146,0.007208019451265146,0.01233058951350856,0.017764359233280395,0.011845970529200165,0.01761036845849902,0.04566261241749265,0.01083681348523305,-0.005208737804723244,0.0007919958535056861,-0.0011950402356925571,-0.005024427028927179,0.06413601867607475,-0.058104515351470126,0.0055916921031689305,0.004357444757062075,0.008580529063111101,0.04141977320025938,-0.004091382586010745,0.05243617993976781,0.07074312320582979,0.010004193790508204,0.0019847184299419613,-0.026782233708007395,0.00624559234142341,0.46413007361063446,0.022627356215665275,-0.003861155501874765,0.016061774165550907,-0.00047087781985119136,-0.005617855360949023,0.016344831760411488
53033011402,0.017181304256706692,0.021331906200960583,0.003655406911718126,0.004256486255555183,0.023395942792990346,0.08025761087710628,0.013750220047254909,-0.00615321230593625,-0.017168275400373974,-0.018257023824018056,0.0024105692307955563,-0.0020536653053917844,0.011183688427674658,0.0355953897053041,0.057332211878069694,0.0012669094479835453,0.037126023636431714,-0.012538686625990805,0.008696241572817743,-0.031954638728266906,-0.04207474049342603,0.0345366042511074,-0.004512643665638472,0.012761922692583872,0.0012025330500059737,-0.01187967396672743,-0.020889916251301398,-0.0017051208616080356,0.030155549448817365,0.024549512023570547,0.014884275864673327,0.02497687269696275,0.005021328757354405,0.00014626963901770705,0.0036326307348293263,0.06120345212022242,0.007626664803947484,0.002634766326703759,0.045549890717354026,0.034241670902907154,0.17006089448537087,0.0046807268483204795,-0.0020574533717974885,-0.0064298357533725,0.06675779337457693,-0.05994577605953186,-0.01106962762527574,-0.01061523109372767,0.013458018403557329,0.015392417802171675,0.023654469983989467,-0.008404945578413836,0.10281266739802811,0.011626945077508414,0.006944298342878373,0.03995837247186717,0.011584375516030906,0.3504103405271803,0.02995073630991539,0.0051194142715638175,-0.0025688120689142937,-0.00016291378324361134,0.05123629041162625,0.03212540653653633
53033011401,0.006384569568519722,-0.01362232060559859,0.01124284801182835,0.002653075009141425,0.005228262621103669,0.07692535828515716,0.006109299011114759,0.0072553082401648795,0.0019544402688096364,0.10606149954475452,0.00982156579535177,0.0051776040701991734,0.013279477388529621,0.04603756836781944,0.046783945106305354,0.0003624997323559214,-0.02470980528884356,-0.008884279945641622,-0.007467072738057036,-0.03238193359161938,-0.045857601704237846,0.010248349439315279,-0.006874372170188463,0.0009659493755902969,0.003375508259998839,-0.01516115976170564,0.006172753522801469,0.01431113606983053,0.03689538049218154,0.03758989659937171,0.018682466064549007,0.005683043450058965,0.00356724204066088,0.0002048106250428151,0.010933183310988855,0.05985651860684623,0.013133755143884143,0.008101169603461808,0.04516030562859342,-0.006804853075513225,0.1545721498958619,-0.0017731511057973853,-0.00264504274675862,0.02885498559627884,0.10582267989740604,-0.040614284891017656,0.00016329680965331656,0.0021714007838197925,0.01574011471685331,0.06611254969553775,-0.006609953147174206,0.07096141260109291,-0.050832701175224315,0.00812165081918526,0.005424835433787412,0.02197172250796289,0.010664550449338641,0.5061610713103327,0.019044544895977126,0.027294514317895036,0.0010226973035247743,0.00011330898876303935,-0.00016053576907527298,0.021154815119335896
53033004302,-0.010101182318803468,-0.006821270635557146,-0.058660814702882424,-0.002575731192252939,-0.0028682388546861196,-0.020951912789982707,-0.007329609760250557,-0.03613264315628033,-0.018291195561628122,-0.02282865166478019,-0.011224818967917242,0.010759281985086926,-0.04166867001856923,0.0046028717040841926,-0.2828644395250584,-0.013205103158780871,-0.002700699653952819,0.0207817482827737,0.026257715199932915,-0.08342345174230625,0.04306725306599204,-0.004058681715483563,0.002111263289210859,-0.004356594656318406,0.015634992318779194,-0.024754583743291383,-0.0847869477153063,-0.002788996905938494,-0.013424476390644676,0.011995301465554775,-0.012569339619524009,0.000517443069434775,-0.005870468755507307,-0.00551585359616483,-0.013782547528428486,0.020923799449879574,0.0027886807155267745,0.007370795056925205,-0.019290269368938948,0.004438795377191403,-0.17556063272200068,-0.009896819671146532,-0.0075982133926041796,-0.021935447735828742,-0.03576125961485199,-0.12941438794844204,-0.002919246841752035,-0.032257772336433656,0.0001474599270029893,0.017467023163248774,-0.01084045700136143,-0.023485096492593123,0.02820755594184244,0.003894058445934933,-0.004154980004780784,-0.12234226154478291,0.00046184593041166086,0.09672063409415552,0.013188310098880102,-0.0027298334545672147,-0.00922111439849206,-0.014787770417662079,-0.020166150634262813,0.00813377282618393
53033010002,-7.822321564952563e-05,-0.008546111360801193,0.018080572912035336,0.0010788303354867666,0.006980925970458993,0.041020289315949233,0.0072695938268813945,-0.11012863693957455,-0.02100463323579867,-0.023675933710379356,0.00334868747002558,-0.013825983404029206,-0.028615368563126294,0.015322091820409736,0.010038822832898468,-0.007900329738669309,0.012143557291405484,-0.021150735115682846,0.004926803695093229,-0.060196262541196546,0.012987297572242274,-0.023580739580438163,-0.011905207268958924,-0.00331086120329984,0.0006167657217447163,-0.03216726196115006,-0.03471308241466769,-0.0008751367444423243,0.01854230607750427,-0.008213028667691873,0.0048651542204384635,-0.0010799906011671639,0.0009564757689387626,0.00028530180164339724,-0.009671523201637814,0.04415970721092531,0.008227171863351918,-0.01631698274173389,-0.009844573491580393,-0.00822574977442593,-0.015949559892537053,0.0017727941473429743,-0.0006681158657015787,0.1395881022093198,0.0769158376369452,-0.0973335444764865,-0.005639067372133065,-0.021997957463683448,0.005376031381196915,-0.01756497710247011,0.00619840638919118,0.014042608162340547,0.04010640729727603,-0.004120732202374115,-0.0015564160125736094,-0.014673077310908186,0.0034215296337947467,0.23326559254462137,-0.0039682882234496645,-0.006359597430172893,-0.009460173366624882,-0.0030654916762042355,0.009304788458056905,-0.006136865811200806
53033025302,0.0033100974211092843,-0.012653882803028647,-0.003284646624135332,-0.002545257831393386,-0.007577291196197065,0.017205813845062187,-0.007521554677986892,0.007555274478204969,-0.026055878193453993,-0.025367396143792926,0.007247501370523163,-0.002845793115453675,-0.024771562859091552,-0.023099469895855224,0.031013364831062023,-0.006571476360781311,0.042951325201661054,0.030494303459951654,-0.014229817663626026,0.11884142278182387,-0.30138523810183754,-0.038230844350937224,0.001833782757418239,-0.0027247486494185293,-0.008970019029351961,0.0054489306132458875,-0.10854830163337771,-0.0038635563695881793,-0.004641192365394401,-0.00760448833999619,0.002531690344329549,0.004533087676544365,0.003139461094186349,-0.0019428512084272327,-0.008493037378481344,-0.1096597294306911,-0.004063315693465981,-0.0058669014099221465,-0.04550921600224725,-0.005573245478974285,0.039218344576389466,-0.008621951953613852,-0.007542114500405181,-0.025170435788611247,-0.015504186470560101,0.024413419330374476,-0.019509761039253108,0.006965824532103953,-0.004607440923389235,-0.0012576750437284859,-0.009922515912861541,-0.0034827435669316474,0.04284090510634774,-0.00846933785588099,0.0019471764391865893,0.0231353211168957,0.002634020820536842,-0.07949806215381754,-0.019862568819747847,-0.01533489471285299,-0.012165610285605925,-0.010621462984875008,-0.014517560851612822,0.009366078660499263
53033001702,-0.013837461458322143,0.011221531865937917,0.00715963018474855,0.002874987004912387,-0.00880125153851441,0.025378372730917507,0.00691082439608282,0.007764755138549435,-0.0091871794806002,0.03105553439342134,0.004515702704795145,-0.00830898095538133,-0.012862679076102009,0.04160368809638616,0.011435608892855406,-0.0020827108057726246,-0.043603080313120865,-0.027645817757495313,0.010344904247054223,-0.05473256810803191,-0.0646579954958907,0.0027016646595432476,-0.0014294950751050936,0.003290649659512571,-0.005573146261994034,-0.017912384550840686,-0.04655729565611586,-0.001144347899605537,-0.007622116872499244,0.011543406677887693,0.006950097360394543,0.008775363668133047,0.006787031955501947,0.0015353803263821856,-0.01341107358661173,0.030392374418409782,0.0022812157184319394,-0.0035156776524075534,0.019261226609923823,-0.011086785581235535,-0.015157870480996365,0.01107449591889351,0.01269153901143508,0.02173405535605814,0.15891201321946208,-0.08468594734508485,-0.016335270525221376,-0.014131661055676923,0.007772284724577491,0.013060469457452487,0.008732354460538085,0.02743384451118421,0.14186623878776888,0.0045578254282800015,-0.0035191669164610358,-0.005949514893960653,-0.005719206189922639,-0.09700611547664258,-0.00861376111340025,0.008187988421924582,-0.004900493373884388,0.01439917203245868,-0.008264890723449115,0.019020763572600796
53033001701,-0.005787955091389299,0.008307215902236799,0.04146131427174595,-0.0014620933933325326,-0.011988789736809053,-0.021593566299655063,0.005560957675404478,0.004298810006253688,-0.02116511992958122,-0.011553977990470747,0.006381058873200533,-0.002377153374604355,-0.019907253673914403,0.022748177715187456,-0.00433227580978835,-0.005745649329605891,0.027603468806128146,-0.014139522614710825,0.005646406643383155,-0.07052521389300083,-0.08045480063272509,-0.02475873943164309,0.005038085425142433,0.00019014009896815818,-0.0028692373063056425,-0.022904097292642544,-0.061833653744097446,-0.002697836838209277,-0.010133159485509033,-0.004009659662123466,0.0018729701699730838,-0.002443351281878364,-0.00198463539423192,-0.0017620112806627254,-0.013876824574101434,0.06320170940636663,0.002221336625677961,-0.00888465100214978,-0.004874829688159244,-0.00882168326532545,0.0039249142737488975,0.008581690800159842,-0.002100981102563327,-0.019862788484092977,0.11844626828351229,-0.127923782261178,-0.013789281748106364,-0.017520658039968166,0.005830923375891475,-0.005889073060979392,0.019589197462465287,-0.008386922030006953,0.0928381505947493,-0.0022184713307563685,-0.0047723393953691675,-0.008369260102769064,-0.008126304789572937,-0.1492135830974932,-0.011111509528385327,0.003600156322592354,0.0007073499103497474,0.011727457557314372,-0.0008676551916261254,0.008572273020169704
53033010401,-0.005296576560545321,-0.011641058986926413,-0.00711877782852207,0.003144991499405454,0.0006631741006651317,-0.0101401953282811,-0.009401349696078759,0.003524152989753889,0.00894968372890222,-0.02352706132837382,-0.002745520809925288,-0.01065075072693294,-0.036534402925157985,-0.01568582542099987,0.007273662114056374,-0.0040466261885189715,-0.0019667584407972757,0.003941868942908193,-6.789761993161947e-05,-0.0690006305799693,-0.08148595181211706,-0.005432085818447386,-0.015492439608273968,-0.007011252138763388,0.009933457103544143,-0.03260762536425404,-0.04207626480466572,0.006233025471562007,0.01942855520732711,0.021618613749609786,0.002942013398040326,-0.006151017985182305,-0.010617862004792018,-0.004732064145982229,-0.002770475217199668,-0.031647832337274,-0.004336839067895402,0.011390852313483801,0.034739348548666844,-0.004735644691710374,-0.017011581517749997,-0.008804173500949582,-0.0029332774010275876,-0.018056584214402597,-0.03436469554271722,-0.10002851319372766,0.01987327028404681,-0.042884884928994844,-0.001370457293167484,-0.006105982067580528,-0.010614537698328359,-0.022856550913502256,-0.07447735134154637,-0.013425252725826203,-0.006602496229746793,0.019335272681218638,-0.014816014688971113,0.2362502133491173,-0.02797872239916043,-0.002051666168083668,-0.013702272791149873,-0.008474323192450514,-0.016398913467318494,-0.05501336288060148
53033010701,0.028893075694346126,0.029953853565910356,-0.00734996384002851,0.0024165873834915102,-0.0017050478640617984,0.0028557042077444338,0.006890947944082306,0.02818832757837101,0.11565318416685026,-0.02275177404036763,0.003934357517610531,0.0026560884467433116,-0.004826732525410427,-0.003786195239867051,0.014523149965167086,0.009567988905195035,-0.008722765886570559,0.07040992134441933,0.04297702014491601,-0.04957631928379163,0.15176580208354232,-0.0048967143486693095,0.00877261402559122,0.026884626698596682,0.030350637061065496,0.030282354311166222,-0.026290867118366968,0.01494921424458473,0.0028679773235203167,0.022865686232721585,0.013784126266006051,0.019645469328487288,0.01070373070279125,0.0013301434750366996,0.0015041245189795385,-0.04725498510947588,0.006654421422362011,0.030724445735125092,0.05226763116842414,0.016364091902387357,0.06789271274529453,0.0005549242134546611,0.022390507355901108,-0.0182413202672616,-0.0028286539061120938,-0.05651297095227287,0.03705162980587741,0.048132460293634556,0.010573771813980563,0.028091483174368843,0.009974366634511745,0.047476992418816234,-0.021388832800595982,-0.002331749286491889,0.02795457180417541,0.03273049129593436,0.010914581874276625,0.3249812951146615,0.03216457346077589,0.03820585099974641,0.00155815288337361,-0.0006877263749901775,-0.004760745519308468,0.0176169326585835
53033011001,-0.014272543913164818,-0.019252914163273058,-0.020466126958527713,0.0030675351647730664,0.0009333772004068506,-0.014261581749413789,0.0018333298802480629,-0.02134244136102089,-0.018525147264370042,-0.02860759666730549,-0.010075254086847549,-0.004416241651167656,-0.030004537449069703,0.02022952140758399,0.0015673085034572708,-0.012245433695332724,0.01699601856956779,-0.012280986103784869,-0.011281094071630726,-0.06071939354117257,-0.10266174961699492,-0.0050242594046009,-3.56173182723785e-05,-0.011312880993750891,-0.003756449363131474,-0.026296086696002908,-0.06042619536761066,0.007899585140137586,-0.0038771674891608446,0.009061631829107587,0.0036824852608648667,-0.007672686983042592,-0.004809267875468556,-0.005703384136495915,-0.004885244704091721,-0.01490234585996719,0.0012905610881387799,0.0025786012895288157,0.02438592841966249,-0.005807691843660284,0.01042212329997181,-0.001813347048862915,-0.005470856633481548,-0.019434638728641082,-0.02021492331070674,-0.12102058017988511,0.01430095570744001,-0.036014633723015346,0.0019326284584989264,-0.020726837121034822,-0.007043348302535207,-0.029551319495176146,-0.04143321072238299,-0.012992255724957786,-0.0028623603736382926,-0.013910313783735207,-0.016212784065734013,0.25832057300452643,-0.01777929178636164,-0.011186002915435218,-0.00949377522673874,-0.005097716458050676,-0.012565166433950992,-0.0530828370014762
53033004301,-0.018621868189409904,-0.005714209950883091,-0.015851506591801946,0.000995852602913961,-0.01675344645082551,-0.02181261708059515,0.00031260716078162354,-0.003222301670959373,-0.015136521606812463,-0.015604943957603066,-0.008055095204219827,-0.019164787097345155,-0.04370409379241238,-0.00811184743598096,-0.03944088212414632,-0.00398303994373704,-0.05478633317356488,-0.05135454230559008,-0.01805061765344653,-0.09726950456689148,0.03662153013538565,-0.04772311345587594,5.6057483151645776e-05,-0.006056804222762386,-0.004188062075423452,-0.03823061081682007,-0.03798909361739288,-0.012193779761165688,-0.01142668031067485,-0.010299828593062372,0.0018942243318757685,-0.0026642314093315253,-0.008543842626817986,-0.0009486790968365959,-0.027303274939768914,0.0223099506579696,0.0016823297403991454,-0.004584622273006898,-0.019344503672740824,-0.0033357410489652495,-0.1527625048970152,-0.00311078461885115,-0.0012338278462548321,-0.019384168996929144,-0.03824395155150911,-0.1665001503732649,-0.016373803860471475,-0.04244933983237707,0.002938497689722017,-0.0027215603658939376,-0.025986937421976424,-0.019371170589695303,-0.12419188891514092,0.0003611311347621954,-0.0004456809543944637,-0.006749067783376351,-0.005974824993280501,-0.1616064283189796,-0.02593628678430865,-0.0005934505059174921,0.0037500031242629957,-0.002094875207509147,-0.01219205268994603,0.0022369823039847477
53033010001,0.01708336659951355,-0.0067880337703921274,-0.014878354816066223,-0.0036974608405917616,-0.0010259679445656347,-0.014676970175238703,-0.018908068014719046,-0.003456763794494377,-0.017003663323854303,-0.026623728025678955,-0.00661530127733315,-0.0030821780097379154,-0.03575040678881299,-0.008834072312033016,0.006302932670602291,-0.003973121045795791,-0.04364492112337994,0.031843156348154704,0.0005397217303354699,-0.0708035612245667,0.12928035858277104,-0.0017258159646898932,-0.0019449736757570489,-0.013598300061729992,0.014915288284150107,0.008561951945124631,-0.043170888841036675,0.001848825589278966,-0.0119698176605536,0.018034980999383367,0.01038069433817535,0.008064370193846943,-0.006151080051747216,-0.004056292870446441,-0.0076316239039082015,-0.08755872820831564,0.00067661097145341,0.003254396952111105,0.03173845108426526,0.008375662835094501,0.05870705346350777,-0.0031853248424576304,-0.0012273785449751406,-0.013672676963994754,-0.030192808541795856,-0.08339297024596587,0.009386783884164945,-0.034247093003714965,-0.0013531546223401534,-0.001975940429029974,-0.005587330404289456,-0.023304180584332368,-0.056715534092104336,0.0072085102700283725,-0.007055620424637113,0.021478020132174997,0.013719101415256828,0.23277424295344454,-0.02515783185466121,-0.005370563978630425,-0.017411002098295745,-0.006107587519458818,-0.006207736956445356,-0.05601342543603571
53033011002,-0.0007941281778195453,-0.005385796764948978,0.009855917850752956,-0.00030038105487933156,-0.00034219489897361184,-0.03873050441255386,0.02286943967143776,0.001895010280300286,-0.026067400684300492,-0.02399086096725978,-0.014384353123849917,-0.013500045581245878,-0.006195650527746897,-0.011462665869772092,-0.010166277977888775,-0.00838411827550895,0.027095148872446698,-0.03223711087865719,-0.007423868281488482,-0.03685260311777324,-0.18045665644616737,-0.02498703356709077,-0.015123430022510428,-0.008199292193433102,0.004280351084110284,-0.03178741693268392,-0.05090055485642724,-0.005067708304506549,-0.0101304089231966,-0.0046208537698951245,0.0035488992509478947,-0.015979664493547197,-0.008164242542556467,-0.009862047025806661,-0.002003944889797595,0.03746686849136526,-0.004356295994906811,-0.012236901932610747,0.022692086282040936,0.0078043032843564146,0.09047214254846353,-0.002588584998980713,-0.0028147742466861623,-0.01789487610904228,-0.04700889225899438,-0.1276720459642814,-0.007310293773522088,-0.008095169624473729,-0.003128286583960643,-0.0014515302519799709,-0.0086018547264172,-0.011831046846586436,-0.0822818928182915,-0.003649440925330885,-0.004341185014082563,0.025798427272249503,-0.011950299710235621,0.16748411609471792,-0.0210011664888466,0.003543677223173302,-0.014549905151683803,-0.00581679947628064,-0.029556571302952937,-0.04779283639411583
53033005100,-0.009920549780313228,-0.010641329812947834,-0.013316428014724376,-0.0007598329557508562,-0.009853932803036263,0.00955584109366351,-0.0008588227956524199,-0.003781893789533831,-0.015426267170700041,-0.016196113362351043,-0.021962737042456475,-0.011003564174741244,-0.05470384043799249,0.01972851055902029,-0.010842846928679808,-0.002267663741866196,-0.039759766755762274,-0.062172947346434144,0.0005537350949894021,-0.09471711702081684,0.002504538794264503,-0.027498267301465373,0.00028596018382463686,-0.0022863845470085234,-0.005242070429665451,-0.042811982964022034,-0.0635436005304816,-0.00317915992623473,-0.01128513697519035,-0.007658528536355163,-0.0024198930836058954,0.004315209012504328,-0.005801649401092938,0.002653988098725938,0.020781546611885884,0.033766943108749475,0.0011071698664007912,-0.004895383550978728,-0.015272044553402074,-0.013921709263055965,-0.18280841694251626,-0.007394288090749262,0.0036800976109284873,0.005823203247932415,0.07247850300116826,-0.16802098930698967,-0.020114341871272118,0.003228434176892137,-0.006378163670545452,-0.010592521491222551,0.01512926942495079,-0.007372463132323699,-0.08165139413597426,-0.010712393285559342,-0.0017785983302077528,-0.03835359790521287,-0.009770201980229098,-0.5202251658201098,-0.008376229691101687,0.0007859145137647513,-0.010737298308268304,0.007881329755963359,0.006468491237894878,0.004804070145702611
53033005600,0.045105652411486806,-0.003606403348378427,0.0022465872585287765,0.002582425897551974,-0.015622641004602679,0.043678426521957116,0.0066561798533054,0.02231611202345046,0.0009759598082819074,-0.018899368798521183,0.013017807929647324,0.0033834207987391597,-0.001058637725156879,0.0035665362832539606,0.0723766399075528,-0.0006598948336554277,0.06554750430108408,0.06990535436634479,-0.008038083609988228,-0.004936122933245514,0.09326017673971886,0.07418503918728578,0.004508609907421342,0.007613127938760717,-0.001859774762021723,0.03677885997735046,0.2253331855109041,0.007985308255291907,0.02186071164028938,-0.004641715234068022,0.007853572549337126,0.005853797546315892,0.01141912339967413,0.0024711259847109124,0.004358388747106118,0.1083229671554593,-0.0020592764444472304,-0.006732477367530494,0.06268743355534967,0.01389570213517526,0.11147143484801894,-0.0030909398608804034,0.00547495550096805,0.012144680692624367,-0.0032923139487081744,0.39027569278347296,-0.0003905908443756459,0.0231438173062409,0.005280078446204585,0.023577995002344674,0.016359861437097955,0.0160231875940593,-0.038356825550504375,-0.0005981747167437383,0.003037747052767558,0.029999048379598423,0.013692566257490693,-0.16995125066778127,-0.0076545329633165675,-0.00014186927113294604,0.006523177638748111,0.0016448525550623225,-0.002619205639482189,0.011523585847438931
53033009200,0.00408506295553345,0.0012493172793140205,-0.0005271759370177185,0.007161166404184194,0.08270716468624208,-0.005760400582634689,-0.005944904967851613,0.022898478653989113,-0.013446598082820786,0.06556982820392232,0.007884619431104549,0.0038469557803244717,0.18142645326830373,-0.0027486259226320643,0.051048246435213974,0.015489999630151944,0.07310609748446233,0.058547753920002645,0.036639665321194705,-0.053406644047058686,0.15221183596544036,-0.012060084853150299,0.006831517753560827,0.0029617210958727738,-0.0043379410492789695,0.03131052012544479,-0.027010552583123005,0.001832946154555183,-0.0032762547672075364,0.0019328430829203584,0.0032930820331232525,0.012104761675798515,0.018773977588841032,0.0151157965189341,-0.0049141552465075695,0.10467508438518594,0.002371649251652774,-0.0023906824587394014,-0.011248904785174948,0.018822286614284166,0.07176954525472397,0.007200039583908012,0.005178767959096976,-0.010566827523450725,0.021615168288937375,0.2113388193433881,-0.011158052684678081,0.052412443478944123,0.004002211876598423,0.06828663570199503,-0.004814714064740192,0.03294383364339908,0.06310945413623298,0.004356707775135833,0.01550642517616696,0.04146262083529745,0.00716645018028353,-0.04040774959689684,-0.00636471672049762,0.004035898034486374,-0.0019142672462194878,-0.002032685303082768,0.00033038557707607685,0.014982578600536171
53033009300,-0.0003126869744699773,-0.008263140526669266,0.008888147989039996,-0.00010850992777656158,0.04492978305409656,-0.014112344986042354,-0.00015194662849882416,0.004089433901161535,-0.020438683095867556,0.02705662683114981,0.00156373329719416,0.0016023447446156364,0.0025051725640288674,-0.005465175797211345,-0.0014750783665089897,0.019227467920806252,0.053488809075955455,0.025263021934351163,0.007727057023751137,-0.057614429516234154,0.06630671858251609,-0.023149208799495342,-0.010807791855853498,0.0008852941555996514,0.00045255851478458387,0.016663487803704524,0.08208328898806784,0.0037776747969719255,-0.0012630977469977706,-0.001393493087504863,-0.018831084002995744,-0.008768435003331248,0.010069045605641404,0.016249549496525538,-0.0009587959425745651,0.04459930299516123,0.0023385030313578226,-0.007390694676621076,-0.012942822337623427,0.013546328631531847,0.06651604258582434,-0.002504973812306849,-0.005193209817608507,-0.011360362647912473,-0.01960375345865499,-0.09930833272859714,0.0032517453212297398,0.04034600346017417,0.00711616943763629,0.049811618621519956,-0.00731109614769428,0.017711844459967974,0.05831060794970476,0.0033828796450763214,-0.00038125868874934536,0.04355391835366978,0.005809750875419194,0.21443136789898784,0.01241528373899824,-0.00047754258581611124,-0.0020541493230995366,-0.007590240456882196,0.01406641243002852,0.020327607814175277
53033001800,-0.01462018093439977,0.003803294406241524,-0.037308207736457114,-0.001338340303860643,-0.01715899086455357,-0.026757760236538215,-0.005541994752478829,-0.10334944158604537,-0.023784307965236534,-0.01556376095360299,-0.001134393175530869,-0.011147977702417003,-0.056588292315674124,0.011038762571213888,-0.02663624683553654,-0.013366930993781872,0.0049464147666794,-0.04173098895052315,0.0007796730644794512,-0.09124657957496103,0.00889864139386446,-0.026199384386722733,-0.008859360029121376,-0.005946096697087595,-0.011956333473002397,-0.0400202792008693,-0.16406163858418546,-0.01496780732385418,-0.015001810837859612,-0.003912975871829148,-0.012450195680139673,-0.0065358885683379645,-0.0042714963843903135,-0.0020046689575806457,-0.028805271943955053,0.019349040281744275,0.003228121850956294,-0.010393030970073637,-0.027933032496159846,-0.018905482442174777,-0.22615783284811933,-0.0017276580818624016,-0.005714117580675962,-0.021720289384337902,0.03108941969426332,-0.16351379581972372,-0.02327417797290517,-0.03219579630312354,-0.006388981411324968,-0.016367029068892192,-0.017565107031575142,-0.0133120267940667,0.03861450566840268,-0.018368655366307326,-0.002452944116258898,-0.05587020122408357,-0.002963853083918651,-0.1160531608805165,-0.01907244170418636,-0.0034846906139674757,-0.00755124205907483,-0.007549600355493976,0.009161520704112873,-0.0015019547423144937
53033001900,0.01158188161545997,-0.011891219656360232,-0.03433200629174931,0.005538039974686403,-0.01294993704468299,-0.026012233670930168,-0.005684131432499548,-0.0016583748055673511,-0.012386142918052406,-0.017234666089637782,6.648870716072896e-05,0.0023591448685332844,-0.042118065157155965,-0.020873978266779388,-0.021399986697172437,-0.004518377037738214,-0.07830449403997052,-0.043204726919146445,-0.017605448656461544,-0.0819350270923323,-0.1336362675233305,-0.016532050231422315,-0.00805126469636988,-0.011850042341338487,-0.009042923633958064,-0.03877016118452135,-0.0879491552451517,-0.009604129844288083,-0.010316898875873294,-0.011619089596487215,-0.004670534069696232,-0.0026182858777156516,-0.011758877534160462,-0.003476046919681616,-0.009685164193573565,0.022084157726202588,0.006282383881365802,0.009194518701209548,-0.023054150208585124,-0.011651737426411875,-0.039133554195464874,-0.007679223253330299,-0.0033277140314911294,-0.017845132988330136,-0.05001103733137082,-0.1315503437482543,-0.02878730339348104,-0.017296675797765528,-0.0028598338870656046,-0.07358607054768472,-0.01941526727770311,-0.024224564584195946,-0.08167401104870872,0.0013881136383263263,-0.0015825686862006069,0.01837786118185698,-0.007564325059098197,-0.19320670761788342,-0.027030403519990625,0.005285542675291842,-0.004057376069828896,-0.005109140472954617,-0.013277975414141996,-0.0005288494884369854
53033002000,-0.01849966010839821,-0.008246338718516327,-0.041197042223929406,0.0005992846774516247,-0.009780450936175605,0.012491719526689215,-0.006464332074422222,-0.0074833583153352794,0.06329494485906173,0.025316071993564414,-0.007430468797761967,-0.007794011478101614,-0.06343110343617275,-0.016144825012728365,-0.006112060554220076,-0.0007124985586242108,-0.07846288787499324,-0.05350898513706404,-0.00519781193653712,-0.1132239705420694,0.045163782201263665,-0.002102749050847167,0.004206779803328662,-0.003291751809839471,-0.006492788942262506,-0.042484985724699935,-0.059571976367781894,0.005830965328648685,-0.001041138785723424,0.014174018932620254,0.004810804865430629,0.0043949698585696514,-0.003531811139331193,-0.017463235005521226,-0.023074284529818717,-0.011690990657043704,-0.0020353596847508437,0.004858631306000767,0.027930875142191218,-0.009971070780333218,-0.05966474774465808,-0.0019332604825827784,0.00038107022303638836,-0.010159091039157941,-0.048510620124122446,-0.1886695403358663,-0.021508377809902265,-0.05270210346727375,-0.0024258005087139465,-0.0051884167852591975,-0.01588114986722511,-0.015288055830072433,-0.08057319333720653,-0.00217127428962694,-0.004715960908810821,-0.045785871521176344,0.004408848235574092,-0.6612368872039593,-0.02120960164158317,0.0003471586724688433,-0.01208764021059665,-0.0036492483802394206,-0.009579609234748149,-0.02090151453750121
53033002100,-0.02485101108615932,-0.008626395472970609,-0.03136804598534715,-0.001311719351394444,-0.014059987266753783,0.008018788636608197,-0.005379307846958621,0.0016186020193552084,0.05437504368216195,0.02409682609350413,-0.002956341916484182,-0.011388361464985161,-0.053434307292140035,-0.016124173495213678,-0.0032504062819459557,-0.00011065350907572653,-0.08305446147400936,-0.0462251873834675,-0.0022141741907071104,-0.1030576292081786,0.032510232240056385,-0.007977311121830187,-0.009167096773848214,-0.0036764851026111533,-0.004951034168849284,0.01953876883162785,-0.02452325608095093,0.002862944678611584,-0.0046357950566070635,0.0014489097219781099,0.001829521614620197,0.006777872978704703,-0.0076801388249773395,-0.01689507544200362,-0.021082046048007688,0.028216159650844588,0.0029621206946253346,-0.0065885831000668795,0.028352351386401107,-0.011763181225749535,-0.12705331268602502,-0.003992709278583455,0.004399547992073213,-0.015124792329076096,-0.03357594400475957,-0.17500639448929758,-0.0211674527711217,-0.051239394333954635,0.0016137020065777551,-0.12642851283172749,-0.010904597399903654,-0.01435362456868562,-0.08108200837287573,0.025704177772271238,-0.005633210430578631,0.015002231259236535,-0.0006323321181486609,-0.6375523978046295,-0.02085508873002702,-0.000364691642020968,-0.009204611647081766,-0.002193835464354283,-0.0074232921704264505,0.005844383902603412
53033002400,-0.02553637417283509,-0.01094218728669402,-0.034271650856111564,0.0017506604961226373,-0.015546094350212746,0.014724097410186819,-0.006573478763913071,-0.0038662696717259954,0.06158605216444076,0.024204646801024892,-0.00441770028585622,-0.009966619379293865,-0.05415390249083021,-0.02289431874415527,-0.010003003788615496,-0.006528858672110205,-0.08268803325342391,-0.05738362027876767,0.013250822720325036,-0.10073066111347757,0.06340823018766355,-0.020391937560750723,-0.009283556547196934,-0.002645552136770827,-0.005175029118335986,-0.006414734546812314,-0.04569511130302893,0.0009850643091588226,-0.004284058378461223,0.0029913890042312136,0.00440631572136392,0.0035014730428005723,-0.0009205054209707341,-0.002152055080995448,-0.025776671313243734,0.0204765334917449,6.378951682179393e-05,-0.005768606818396279,0.022245877945215466,-0.011930240639852253,-0.15860945907102167,-0.00904262452447306,-0.0015572473731474768,-0.01530040107386753,-0.04153663278999828,-0.1906309057464393,-0.02704918408971211,-0.05710473790228326,0.00032738197038523957,-0.11334127243854361,-0.011127587348389237,-0.010796435133528218,-0.07973186469181107,3.984919635427985e-06,-0.008563925830027965,-0.02261787589197605,0.0018199452566353583,-0.6785552056096692,-0.0065820039063354836,0.0025103782587465305,-0.011554156965898866,0.0063102337106553915,-0.005098070562052669,-0.032575189973742306
53033002600,-0.020172752740465146,-0.006113784535139711,-0.02006782991901275,0.0018350984474984474,-0.011306562666603114,-0.01810279923502319,0.0029150325759478147,-0.02010423195492452,-0.010023398347149595,-0.01607085793689604,-0.01226591098841873,-0.025670719697620664,-0.04315496488677469,-0.0029407636751056323,-0.01160420112533385,-0.002283428197011126,-0.03617040944694662,-0.06599029512758932,-0.004618800922939213,-0.10321427429732662,0.02146649836526684,-0.04489814515065367,-0.012251773527501713,-0.005790817406889958,-0.007534838993969177,-0.03169895058427615,-0.0802676710825944,-0.006955323732477754,-0.0020367599118411256,-0.008526022379897712,0.005833275255855369,-0.0015844073077217287,-0.002165120023831972,0.0022349636104734894,-0.023027115374356883,0.02349276559571768,0.005120073405602657,-0.003782067585538157,-0.016299867025343067,-0.012623451592260679,-0.19422989491954076,-0.006351728806488742,-0.00153317317312567,-0.0020168465356274552,-0.04125388972346559,-0.158476211310934,-0.025198691832732666,-0.04782343865012373,-0.0015738034331929684,-0.0309902971023861,0.018725391352166786,0.019562780611472916,-0.09962439900760515,-0.015497920561534088,-0.0021799434224396793,-0.0413671769482574,-0.004326762750118345,-0.17395171522624892,-0.0229153907916486,0.006462036790421758,-0.0012106411022164269,-0.003228057658402762,-0.001196985252280613,-0.023785379297945945
53033002900,-0.007961140317870662,-0.012748773573564947,0.02491594300184067,-0.0037044228177220543,-0.013653958460010832,-0.007150683618377831,0.01630467202334159,0.001591951224321754,-0.010433377363931502,0.024494112997450183,-0.0014192700621344428,-0.014294629796373894,-0.018721232076282873,0.031474951067894774,-0.012697575362041027,0.002102815152235556,-0.05863561456875415,-0.017987451765336355,0.017070649254461345,-0.06362292833793957,-0.06432392275453842,-0.025043095381161475,-0.005504215986746692,0.0020222596935315575,-0.00045128980346056746,0.03885427066519406,-0.04589544012943962,-0.0042328348449540715,-0.009931206622041213,-0.0077611705411761,-0.0011271356396546322,-0.0019426713426708426,0.0010970435500370574,0.005210238377872829,-0.00020523278826989352,0.0572162504397776,0.0002866918165650852,0.0005514224650826784,-0.014937170642986306,-0.013850198345209905,-0.020680617279945485,0.016144384414048016,0.004185739457412824,-0.016335223504990594,0.10135937946175497,-0.12821720654963245,-0.014495865087138616,-0.009931044350337854,0.010366967567931115,-0.00022188167402291382,0.005340862516163505,0.005314130478319091,0.09944246408258299,0.004286506177094359,-0.003405054428201561,-0.014066852201365406,-0.0031064543067509704,-0.4993631418383688,-0.012564699712838549,0.001801794305192743,-0.007006916108565138,0.013336016898188044,0.0021450776640627857,0.010518466748294234
53033009400,0.0016538912098294876,0.008097954347672886,0.01041876285428371,0.0019866843424831216,-0.0016070393416912812,-0.005513877809171634,0.004874635339045303,0.010175416820131301,-0.015520777243933373,-0.01971677424511164,-0.0024229277373526994,-0.007915773935993934,-0.024290010824981,0.024895162411586916,0.011457803546032739,-0.010418620923361628,0.05163245664272808,-0.003340528615508026,0.0027290173936974603,-0.03977338953727505,-0.07539297120333101,0.010501380298377492,0.004066302352269983,-0.00011076153072727103,-0.00042975448896368797,-0.02190090372762261,-0.050556223404243886,0.0005524734972071353,-0.006731457138948906,-0.0060838938211023605,0.0034861997088887196,-0.004907753970128025,0.0013720280358783404,-0.00785998968606552,0.0017804908927598676,0.025367531440599247,0.0074048260637071504,0.008212579984899507,-0.006516587933687121,0.003992698114696017,0.024390740308959328,0.0007937193687907385,-0.004521616070638729,-0.018670238723566875,-0.016418270570379735,-0.0854035280989309,-0.002223689002161655,-0.008661535671934117,0.0046130494643004975,0.03137771141962692,-0.0021334716023469623,-0.007063721705321979,0.1006897036755225,-0.005266572574986457,0.004703525852125847,-0.010913701265608398,-0.0033845442517282057,0.30135884119440715,-0.014137732264481185,0.0013484394050710155,-0.004761988910111561,-5.856850598593032e-05,0.010353323690172209,0.022135825306345832
53033009500,-0.003966274141910212,-0.0049114033244763555,-0.017452952884651665,0.0015331193534138799,0.013757159790736854,0.026763755100047918,-0.014317677705111281,0.015271988520818625,-0.020288226322088144,-0.02229816533102534,-0.0011619590800418282,-0.000957382036896641,-0.020211676524121407,0.0031326893633847165,0.057131855847700135,-0.005040708652245024,-0.014780533104805654,0.050866073804077865,-0.016222134775530174,0.005301807791208749,0.09587265684710773,-0.03343921478266948,0.010636166821702455,0.006696431828280082,-0.00015625614476929807,0.030242918946741797,-0.03406320588742294,-0.0029210446938846583,-0.0025787537798356843,-0.0034948351967186214,0.004796813479458402,0.005785781205234349,0.007998580724007628,-0.0002445826002099083,0.008566185351310037,-0.08561243252336583,-0.0014319678495316927,0.009065204141068204,-0.017527764314233713,0.011190972646556012,0.05662180202775688,0.0025012947749874174,0.012710938626559861,0.001573940533074893,-0.007483102192629075,0.2958758024614906,-0.0033792685107418494,0.016753169049447646,-0.015391150906891716,0.01137282686729712,0.018722457227539166,-0.0008068096907597338,0.08929321029842491,0.012769224344411276,-0.0035502874021566787,0.022896678117303705,0.003078372262697051,-0.1867811663005232,-0.012181822192611208,-0.007467926829009521,-0.0003631563369018021,-0.0004757824440270603,0.0014302895649497423,0.008368165279108606
53033004902,-0.004825868162185061,0.00224796301226042,0.013356848797493538,-0.0028851707373491785,-0.0018938549931325844,-0.019385440445582065,0.0009988938551646273,-0.003710186087758573,-0.019362781788532245,-0.016595037367625826,-0.020331578288973577,-0.0038977488258933766,-0.03431359822053408,0.015307111428657833,-0.023605033290724924,0.002829849465603515,0.019998088764431095,-0.05147658178388376,-0.012940789292905068,-0.08243519513440657,-0.0031167302089825646,-0.042749206396330584,0.0024790386682901552,-0.005193651334160837,-0.0025472782022572115,-0.041030192234756686,-0.035500651810523746,-0.009689889596716033,-0.01199864245490543,-0.0059255030444364835,-0.005877606441480973,-0.011150868538000217,-0.010330027837827537,-0.001904018409296614,-0.019160008026855822,0.05502358790466859,0.0011904550806192474,-0.0057286722898401005,-0.018428138904288727,-0.003996260952418012,-0.1840838483082871,-0.004565834418053111,-0.0037125681718286944,-0.016946655499122946,-0.03938518387951525,-0.11094118044818284,-0.0032662139513497217,-0.029501681238346462,-0.00417476120615372,0.030222741156821494,-0.010876339254618651,-0.009204432719131898,-0.08860164088308609,-0.002007648916539562,-0.007326026855782418,-0.012457964156711783,0.00461083867912622,-0.11410927456452895,-0.023032330231157177,0.007566145097090802,-0.011288663639822748,-0.0030502741099263007,0.0010633964008317418,0.009635065384426909
53033007406,-0.005164120003305498,0.0031043180397422906,0.054613441237556466,0.0005882621019456358,0.004982289946599612,0.0005246139621385851,0.005589921971250371,-0.0035702776720985033,-0.01987986218648784,-0.01920790363161745,-1.0673782196724405e-05,-0.0026712206440217194,0.00463967654091775,-0.003619387560317258,0.012395794190344625,0.0138152559352995,0.047497895931611696,-0.017469635743890648,0.01831339477424125,0.08833211296860262,0.09903508400069981,-0.008562960267118346,0.002937407528985412,0.00508812808601708,-0.0016336480246858557,0.01734852018463258,-0.04758997262418236,0.0020754592331452275,-0.011251021273344977,-0.006950037888595647,-0.0071726885753366715,-0.003029962280430574,0.004418484008238045,0.008196814019932637,0.0013448017980033635,0.04557956893020855,0.004952518192834226,-0.003426024311039228,-0.022917697299869498,-0.0011756837045313502,-0.010970371272292296,0.0020528526918992688,-0.00922636421638216,-0.011026619499689246,-0.017673174132086925,-0.08642672254541385,-0.010916534109752471,0.03911384345397168,0.0027826689509241644,0.06168322037325341,-0.00548073007961769,0.011981140571919405,0.05490794568199559,-0.0009124251215198778,0.00231535572985066,0.042931922553251685,0.004609436878868442,0.1717257449907931,0.020190396957304343,0.0026744118586053815,0.009407443829343724,-0.004776233075716792,-0.007493709527569186,0.01506839102487644
53033011601,0.029410522684925916,-0.0005013542967488554,0.0017134600316594294,0.004062223335126771,0.004152973221575725,0.04524794698921305,0.056946211480879756,0.01159558050577141,0.10089720736876676,-0.014706480152856244,0.013858862632028625,0.008050727165077225,-0.019435471269197258,0.0001512367944606878,0.08478017008259789,0.0027543504973904713,0.1003459294243934,0.08864330943305576,-0.004530358597594801,0.5116241412436346,0.12106647542884033,-0.01693525992019554,-0.001386758413036256,-0.00024407430615603864,0.02000435856989704,-0.04085691064191904,0.4992291770389479,0.016185307462913287,0.04832370002188906,0.001847027977041755,0.002712353471666694,0.015324567044497521,0.004995366464658288,0.012578017447175877,0.0065665045839000315,0.14828396637212965,0.0009692680980439985,0.0470040173203559,0.1018938901315753,0.006503884289977336,0.14974440644097914,0.0005802768639436846,0.005229303564796806,0.022299886220453934,-0.004670989926097585,0.3248679500003924,0.010580226152576677,0.02365459449384502,0.01611509754283403,0.033334098659928854,0.0030454358153473512,0.0075188674871771236,-0.0006122650944154207,0.03192115651128999,0.006370066090612754,0.030503243749303622,0.005746721055512307,-0.14218528112409554,0.006170013683375224,0.03688008517294745,0.0020902738136825,-0.003079320925072301,0.0014669271672824353,0.012718545592243202
53033005803,0.0014580833532410302,-0.011779749035866939,-0.029323427240689058,0.004758258411136472,0.010700381154946413,0.034856266526015575,0.009422918773961788,0.0022845675854203805,-0.020538920844201003,-0.024515403046030497,-0.0005784296244453154,0.009756243095817489,-0.013029706328041799,0.0324053387274826,0.016215487853449822,-0.0051538395836403725,0.0259252353647258,0.004715710933774097,0.010858733074213908,-0.05305652587177161,0.026579817408043077,-6.044264172434701e-05,-0.0014801069231222947,-5.087367107820539e-05,0.01444173096903388,-0.02378727108627004,-0.03765793809853799,0.007380834483867125,-0.0008867211420282219,0.019110204997603745,0.0041065600709310176,0.007660117332829701,-0.0009907389702223381,-0.0005154497575382298,-0.006566390757297632,-0.034425333038417605,0.0058855356353523115,0.030786628531095473,0.03862192558924636,0.0005788740780125404,0.010103672523683407,-0.0049297188894389795,-0.003739695378384077,-0.01511055648961012,0.08660639255577736,-0.0450160780810032,0.038323828912107095,0.07282193662029961,0.006051898631359421,0.00539463414716933,-0.0022923797630559277,0.03245807076327853,-0.009788192607622427,0.008378386402609378,0.006504454747711228,-0.05118621677336565,0.008029726051892828,0.32050285193226463,-0.016629559411237373,0.01508833286473445,-0.0064910580553487465,-0.00045617309993178223,0.01136171218098914,-0.007534744818765418
53033000403,-0.005263765554373009,-0.006692003028474702,-0.008330197002647068,0.0073533489856241465,0.04681679692672149,0.041607366999843055,0.10410202077178375,0.004957813379160782,-0.004830101333290908,-0.01302442801949065,-0.004388837684491048,0.014949816275270027,-0.013993156978800136,0.0007899578852687792,0.06985386193299524,0.0137200154452574,-0.02938852178287502,0.12781110347805236,0.02608289412305293,-0.07239806726773533,0.02099476760624264,-0.01016387432188803,0.02076259302518873,0.0027281164971854474,0.013300963492601002,-0.028381573326205636,-0.04000739663068197,0.010245841235924114,0.052087753866584895,0.026151952258804772,0.00015989404526826553,0.005875714859336325,0.004658602247023773,0.007902902476996716,0.0015149770232598615,0.042690910737341596,0.009061577721599798,0.012021440633016928,-0.01142790900596254,-0.008602955428332767,-0.10046032391264496,0.002013480936122601,0.008059379696439684,0.011383177094267335,-0.01812480049112312,-0.05591163492652128,-0.01022186281412031,-0.014173551141399156,0.008246523915348579,-0.021858062286414313,0.005975069852714862,-0.0009780207100964174,-0.04700643262572658,-0.0006166072229319548,-0.0023715122189761077,0.02350134311057896,0.013312174388714255,-0.2480435204910661,-0.008142583193141935,0.00916064496556365,0.10237259253857897,0.0018944967638056356,0.0019492059892595485,0.011500127039542549
53033011602,0.04601743131139443,0.004259068535469078,0.0037324637645260264,0.004120240704273849,0.014196116564851445,0.0626366495489402,0.010188320647040013,0.0273279054960388,0.11695048469019839,-0.007066079702321625,0.018998365033885148,0.014801536857332445,0.00340793559409868,-0.012588101392136716,0.09604018650116126,0.021203856728096264,0.027719976836625432,0.079973985395262,0.052035796515752644,0.5506572190533983,0.20434531747613935,0.007059171824164773,-0.0031496420384235927,0.012047747374211805,0.0031750676499737477,0.05630616014319135,0.4528170867648035,0.017631729644746175,0.021840254617697282,-0.0031485801640617045,0.00683090493039184,0.017576400776085955,0.018043543150252472,0.015144136613073794,0.014758377979628111,0.1563178755628838,0.005385967946609347,0.04547649450148148,0.0860003712238663,0.01264879429228147,0.16405239614393666,0.0006734974917600423,0.026823883371340652,0.012077274715055847,0.00329202299381061,0.43535684163427396,0.016516035152818395,0.056333376666853514,0.02262861466826443,0.028965140797582136,0.006218111681412141,0.031256838622571906,-0.012830004083724734,0.01511368253494899,0.007125846056773827,0.02782294204568794,0.013700917639728876,-0.14221120716383948,0.024685945700210155,0.05570434649752356,0.012078512332129069,0.0032548085047113882,0.007342083780384598,0.011067856320477982
53033004901,0.0016879757858296676,-0.00016245719041000102,-0.006510545219113433,-0.0016277459312300164,0.015253681744715501,-0.015717515237087747,0.02337217724023576,-0.09097458124628717,-0.018428229477773287,-0.015314722618275144,-0.010196925411041407,0.032395163850066626,-0.04686547978574887,0.02857756075094581,-0.02515369447627645,-0.0002309523526958325,0.039659361375878575,-0.03717817389803807,-0.009824641650139108,-0.07267792636319151,0.023331103352630483,-0.04706865880843467,0.0038059224417095316,-0.0003549802239003475,-0.007042127264828693,-0.02831219376931211,-0.03144040730608351,-0.01138446401203065,-0.010682321461624815,0.006396650165333326,-0.01222994155406724,-0.0015765504273719943,-0.002699671686983988,-0.0008842914338359555,-0.018214471229517318,0.05516372696904593,0.002238464586695984,-0.01096778447791846,-0.027316618089732563,-0.006356776968818241,-0.17896020419210937,-0.000894129920018046,-0.0049398750093353075,-0.018350578310160185,0.016604855032370792,-0.1372572322282515,-0.01812169904352124,-0.03393228383322636,-0.0035430971301761978,0.015612124789994257,0.009755913990788985,-0.004511370035158899,0.060203898218598915,-0.004984526974446064,0.0005963369638044008,-0.07453936854339939,-0.00026927560030498256,-0.08724173342745312,-0.013122752523090165,0.0013308218000910356,-0.003908659330712621,-0.0022877538699504697,-0.012213077662754137,0.00302646347228913
53033005804,0.0040416559799499405,-0.013064353122635684,0.0023383116174147314,0.003314677675199614,-0.0032039854573324327,-0.008923750908972974,-0.004875815294159452,0.01647763499046623,-0.024470146134451223,-0.027660372452944226,-0.008506695337744924,-0.0033501632281090414,-0.01383043375257847,-8.538494507700128e-05,0.04333189512100888,-0.0052702226949319485,0.0718658023025397,0.037260316184396534,-0.006212827286358151,-0.03793269203891042,-0.19429688982733506,-0.015489483721363877,0.0031920876350892387,-0.0043526955140620665,-0.00959228884823754,0.006099237550353994,-0.038832514293103734,0.013519881534342287,-0.002336293018023802,-0.005600517839495846,0.007089796344019648,0.02080270664335125,0.008246257179732113,0.006888228488310864,-0.008096865458905755,-0.07027850365183258,-0.0025437034401396695,-0.006982276864446218,-0.015737998154668465,-0.00011209883237001277,0.05298700521887081,-0.0020002316216079733,-0.003031359386190472,-0.014943153237450744,-0.009404614756088236,0.11416856191033463,-0.006584063539606894,0.015824172373060958,0.0034183878280730834,0.04344098018730193,-0.008067391304525174,0.0111302623177709,-0.03602234852370771,0.006437715645698087,0.00905300421927223,0.03544780310839615,0.004957684867516627,0.181993503914701,-0.019951229148301223,-0.00361120283763946,0.0015384543350079134,-0.00618170542449362,-0.0044000733872249604,0.013636656127743322
53033008101,0.03314387618144905,-0.005922679431750484,-8.115448497490118e-05,0.012477687746556077,0.07723008341947075,-0.015606959010875162,0.005815767300558584,0.0282500467370729,-0.01674858523368298,0.0749441526631953,0.00294748094726902,0.0019602344676624105,0.20072122368872858,-1.5336819909622696e-05,0.05882288495399113,0.017019647181526248,0.07387331735575324,0.059189746511854255,0.014201534599782305,0.042135388883714334,0.16352722411363618,-0.02374854802018878,0.0021916333261897424,0.000503331703956442,0.0006152764565608626,0.04140241682637834,0.07257656583700173,0.004350568796619286,-0.00779038160938597,-0.0008010279649772647,0.004567355052299659,0.00848570354200743,0.005576514080913382,0.009892259711125423,0.0015549410885310725,0.1182009760299618,0.004310332717884432,0.02607297073919631,-0.009536403828141651,0.010913391244642585,0.12407776242248934,0.018631482827973563,0.008724134334995992,-0.011478598222141817,0.014375437028907931,0.3935836169294469,0.0076613265467140226,0.05155450550200896,-0.004770919541819434,0.05422224511637465,-0.0003180747434287238,0.0428446179730591,0.04553887618398445,-0.0007609761045254643,0.0049380182074986664,0.03617240532459757,0.008437470528185623,-0.12811213083604397,0.004986448127685142,-0.002985172485091344,0.010846813622098229,-0.002878175804194314,0.009802562741964903,0.014093514276760458
53033007901,-0.001239309372878861,0.005496933914219261,0.09137930574528853,0.002867920478403045,-0.0032338838805832486,-0.00866457033563068,0.006598393309972854,0.009850318631257909,-0.014880231236739365,-0.025206711309571757,0.004935639932889958,0.025761661390840327,0.01110875023877022,0.02044178515653815,0.0043898147886432095,-0.00274296499295406,0.02907158843681177,-0.02355674717125156,-0.006160308107038209,-0.0562102314869579,-0.04044350439382845,-0.008791336108748694,-0.006373766964356743,0.0023600117060919566,0.0014883271004467512,-0.027242213774393693,-0.030723070243318967,0.006172829768205961,-0.004193573755680515,-0.0011424402186094064,-0.0035107966940715767,-0.010770449132832254,0.0013701363978770164,0.0003543963259754663,0.011693310189953595,0.04754259007477864,0.0071149808908926365,-0.007342561131763208,-0.013258565383087506,0.0007383943347091704,-0.0954204251175303,0.015418811788559464,-0.005451120365220247,-0.013488604837235739,-0.02869398924816362,-0.1021968698271854,-0.005164011705195496,0.03848975836664549,-0.0004772479636582798,0.03528131373341804,0.012646838085128379,-0.0024676343581211953,0.08557337790548926,0.0018577631649905808,0.0026152553383222595,-0.031097329870577867,0.001051783492810334,0.22764205884543132,0.022913875863404185,0.014295660208832257,0.0014745305796403547,-0.0003773953537352406,0.016562752679105182,0.011130642451164225
53033008102,-0.0022384976504726223,-0.004236178561578403,0.019562402862733533,0.009337207382073932,0.006505778487134337,-0.004671741280273698,-0.008788753270030437,0.0338743103056891,-0.009419076151142057,0.0672163780224798,-0.0020974888155914093,0.0004587262903530483,0.19632918845573435,-0.002527578918724016,-0.002876008710105658,0.01896724886175864,0.06434753159482504,0.046456787672799676,0.012215568796780107,-0.03357198592973672,0.14402324048640378,-0.0011891544939589358,0.0017931330212169001,0.006316227581132819,0.020458001884198957,0.032919955472153206,-0.03190590931691666,-0.00046776688788608615,-0.0022400021706775537,0.0017633334336373213,0.003771676170611551,0.023886077084908343,0.007722999712522083,0.019463909454455013,0.0024264083115967164,0.11934140475198847,0.01117760451682807,0.04549656581026576,-0.00815415765787031,0.009695606625188464,0.07383221351694431,0.017199578055659106,0.006808939428114125,-0.004666989967803102,0.019859059374324372,0.2748480307225177,0.07485724790277912,0.04822102268361873,0.010942762972860396,0.05438291420278647,0.0027230189698304193,0.04006987422728585,0.03221742251405031,0.0068379988184062435,0.00860337705468002,0.03657149407590061,0.010338344186662227,0.17045185296944038,0.012274402559187011,-0.005956912311745038,0.006833298235827981,0.0003527555034920587,0.0024505232552966658,0.013922683498153114
53033007404,-0.013736769868484395,-0.0016877365208365872,0.04908142569366036,-0.002348726464581309,-0.0006957022950008453,-0.010055274984571911,0.01697370378647368,0.0005012076592014228,-0.02858011109720786,-0.017617801154195645,-0.0028548146351737645,-0.003302042350913265,0.0068928739120007404,0.004682000028078127,-0.0009641093845234724,0.014187079757702838,0.0459674036881908,-0.02345283711512656,0.005643676603746798,0.261082772852916,0.10994624829264853,-0.03700318326559745,0.004524594468288404,0.0017906404043747403,0.006710288869646057,-0.02929818215554472,-0.04125850842831638,0.0026910350498623916,-0.011085014242367448,-0.003017483510700989,-0.00884799487787818,0.0021780036712153814,0.017137913054018773,0.0059249154599222325,-0.001493686618428682,0.04816636467050195,0.003632545698611989,-0.00034071359411977343,-0.03378633204420432,0.00204623852534839,-0.012257582428794819,-0.00331098371647385,-0.00799985884270166,-0.016176479420330243,-0.01812174829916743,-0.09819557551063952,-0.012024089557013852,0.0348400997008456,0.013192718213193998,0.05098071778759605,0.012304712717479328,0.012240596867610427,0.05075466495942195,0.0035315853700410784,0.008976055816881936,0.03210329742710395,0.006115994690210667,-0.029354586902638556,0.01747421314541956,0.03661935551147821,0.002669249496443017,-0.004066377313455183,0.0038313648956933097,0.01103628615542563
53033007101,0.005226251580734833,0.002977849503472019,0.0656157768605664,0.0012649170031632962,0.00532932451396254,0.0008012137005147621,-0.0019649081427052647,0.006755276014842422,-0.016254102306522474,-0.026552298048030127,-0.005189837151607673,-0.0016091053734667126,0.010581102409879193,0.002292882514170754,0.015522406787184778,0.02003254813047536,0.051562704988781446,0.01722957245166442,-0.0006777846037983789,-0.03337313397577143,0.09465811411036183,0.013079775605617875,0.00568359333290066,0.00575021566565331,0.011965175553313752,0.016980973276290723,-0.0325974559107706,0.001001997025073118,0.004226104013642673,-0.001346305210730816,-0.0033407970731732894,0.006240538193292984,0.007776332925685004,0.010413039796384253,0.000264437870287023,0.06848570820681199,0.005765278023816896,-0.0005848320379113605,-0.010050560753894187,0.013999490482135455,-0.06332897437328713,-0.0008219954607678706,-0.0027283467755293794,-0.009215168900336175,0.0031242406096003705,0.10851302893675585,-0.0032590834223034278,0.01020686135614901,0.011905930627492777,0.060386330822254176,-0.0010006444988544146,0.02061565885898705,0.052000886425456944,-0.002817957476443347,0.00030334311650729033,0.03205244983220968,0.011837333532141456,0.22897527055443193,0.011583545544650875,0.0025024952656271357,0.00862826094233955,-0.0038467862010912114,0.013887037359142287,0.014510680668697786
53033000404,-0.00894923157775871,-0.005931629820593166,-0.024007075638556967,0.00144172339521902,-0.008473137569239442,-0.02856861847791378,0.0012201441824158787,0.0004398905965886187,-0.019536414728867975,-0.020145553232439318,-0.0031848378417026566,-0.004800686839002613,-0.019151153624098614,-0.011634631716107765,-0.009032097597733948,-0.004305316215505954,0.02451449444275821,-0.021950568906161483,0.007621302646731766,-0.0681308924247135,0.08609958227904752,0.005104211942403368,0.008060551319104093,-0.0009422135938613948,-0.004261537900941835,-0.017695904894947916,-0.039699308545686415,-0.003588927583018516,-0.011092603445555994,-0.009398009570383526,-0.0031083688454012805,-0.005080785356974963,0.010586910962775068,0.006991212585105379,-0.0063665663464147,0.028175749574707365,0.006714669545026695,-0.006023268624628627,-0.005526461986437967,0.012021871997400508,0.045886180985714016,-0.004347712545527607,-0.004498985058371944,-0.018127226233024662,-0.035600999840325796,-0.10537525305134789,-0.010243015973973242,-0.02074883179571343,0.006431793016533996,-0.01176674032265788,-0.015148415250027237,-0.003336414798038135,0.0833053707170285,-0.006294725748099211,0.004427179430326734,0.0303697683742629,0.007053694036381271,-0.061297378479304075,0.053860220453742155,0.0009743691553977221,-0.008048980627908861,-0.0010741814745868167,-0.008337774947907158,0.006391470115628541
53033007405,-0.005232333457380892,0.002594716348165035,0.050030240189491704,0.00032722741665023523,0.00416234335954811,-0.006467557673930988,0.005016430408593206,7.760846114125996e-05,-0.027316923827838634,-0.018755813493909815,-0.003248137977347675,0.0021279411376446695,0.032299764963136114,-0.006699150458754743,-0.00284760509604002,0.014566504596638129,0.04642173233265367,-0.025351680942471887,0.009320390861444186,0.12273965624712785,0.094842547895833,-0.010418559341138023,0.0013112520532458742,0.0011523284924178433,0.0024204276298042736,0.01741185140178238,-0.0438441276533728,0.003476251580949069,-0.0116917333792198,-0.007463558419127021,-0.008425641306444224,-0.004456870945021414,0.004378837064660159,0.008465010611720107,0.00014529940604569166,0.044990588356704116,0.00017848142095291155,-0.0006415105488610618,-0.026795359639104715,0.002642910019957816,-0.007741330820369535,0.008080396299763285,-0.008880010184347236,-0.007629132756383616,-0.00912233496923112,-0.08542850621333362,-0.008132600928960452,0.030766845549169926,0.0003260275473414497,0.05777187160659593,-0.003045796094434682,0.012007323295646582,0.05050157222029033,0.00047719356845260557,0.0030710537154961656,0.024237577267274133,0.006360126073616834,0.17959098027205583,0.014242163709647199,1.9145431275800825e-05,0.0017674342080973833,-0.0039450430504716655,0.011099169664576386,0.013859884809990022
53033007902,0.00875973830627871,-0.008406079178738502,0.004423087747514204,0.0008648531800204746,-0.005570343126510993,-0.013032530594116685,0.005526003709593322,-0.007767217956264711,-0.01803587986953912,-0.023104031963784483,-0.00702689349090631,0.04147995510220277,-0.02313014867642783,0.01869859879124353,0.005637204349508585,-0.005882300152926488,0.005494023974728362,-0.022851556802698292,-0.007581399224577426,-0.03765444616732378,0.015039890147213346,-0.005365986512354182,0.0034776597845073516,-0.001410794512628751,-0.0010420270991262231,-0.02444902574660505,-0.05397183517967309,-0.0031242374598823195,-0.006173481704040633,-0.005462104374998413,0.0037619141135536403,-0.009256536452763399,0.004073445954313734,-0.005417704025523536,0.07971572759702512,0.03996971308435194,-0.002208553206472293,0.0218489758160661,-0.007566808016622159,0.021410552373153566,-0.13153835902395059,0.010555568542325474,-0.006493499793656322,-0.016159605688627312,0.08592961398164914,-0.08613166288638781,-0.009691037755502278,-0.015361691904440646,0.0017753536517165945,0.024163409959933584,0.010848800985273003,0.026555579788666545,0.07503606080731529,0.00717764283563434,0.0029585169404556595,-0.044715925650764515,-0.0011164850657491264,0.19022028365233756,-0.008734418884333243,-0.004795621440781622,0.007631115178439692,0.004430252579092812,0.01728246248840419,0.012650079148060975
53033007403,-0.013828318639147139,0.0009511609682005482,0.08930714034767802,0.00021626227572539878,-0.007021829186431315,-0.009595621684303177,0.0031976998182860197,-0.028870429186208923,-0.016551611443913854,-0.023126202508357875,0.005193638453189254,0.024578766500290422,0.006357691053669557,0.004904785131331858,-0.11526389226209138,0.00757448947111599,0.03701491086978165,-0.026284236450092823,-0.008414356632513553,0.11840939525485483,0.061656033675493806,-0.03276728204593588,0.005639279399165341,0.0010465132461936818,-0.0015827694542136827,-0.02076649443846598,-0.027132009843857996,0.004593201954767099,-0.007649650511922297,-0.001286324416422943,-0.0012736784103932251,-0.008812859242847085,0.0027047680248752566,0.013030582677582931,-0.010344567815832286,0.043528869866349296,0.006328328656734767,-0.002367505125587073,-0.02520493023398752,0.0029102784950535833,-0.12849782447213717,0.022078065378406366,-0.00882706436098973,-0.014843084601220254,-0.022185155551630743,-0.0986363210754721,-0.004806199008389556,0.042206002807889775,0.020576329138344993,0.06322207143472977,0.012591744632510376,0.005363673092410936,0.056325758133084235,0.0003939843013896804,0.004067133574622172,-0.0056423808954343055,0.005543325936141931,0.12831008682727588,0.014969596402385375,0.006064535338403609,0.0054227449168861,-0.0010371583482102948,0.008949220047567711,0.006910223237204433
